6.550168991088867188e-02 6.856111221122556998e+00 1.006584807971251848e+03
9.872150421142578125e-02 6.643947488950903590e+00 1.006584807971251848e+03
1.351156234741210938e-01 6.732534916280929593e+00 1.006584807971251848e+03
1.653561592102050781e-01 6.681344235494307782e+00 1.006584807971251848e+03
2.029342651367187500e-01 6.692501883874618862e+00 1.006584807971251848e+03
2.377014160156250000e-01 7.070562491173094877e+00 1.006584807971251848e+03
3.697588443756103516e-01 6.169095964466436044e+00 1.006584807971251848e+03
3.712110519409179688e-01 1.102406446905407478e+01 1.006584807971251848e+03
3.726379871368408203e-01 1.717926407240680220e+01 1.006584807971251848e+03
3.740665912628173828e-01 2.892898100820356433e+01 1.006584807971251848e+03
3.987700939178466797e-01 4.264881730930287063e+01 1.006584807971251848e+03
4.326560497283935547e-01 5.868184571378742476e+01 1.006584807971251848e+03
4.658014774322509766e-01 7.617999995180447570e+01 1.006584807971251848e+03
4.985969066619873047e-01 9.658727599104925332e+01 1.006584807971251848e+03
5.324404239654541016e-01 1.193096520268297098e+02 1.006584807971251848e+03
5.984892845153808594e-01 1.435336546215960141e+02 1.006584807971251848e+03
6.000900268554687500e-01 1.705798713783640039e+02 1.006584807971251848e+03
6.320528984069824219e-01 1.995513576026775695e+02 1.006584807971251848e+03
6.654272079467773438e-01 2.312880913030779766e+02 1.006584807971251848e+03
6.987798213958740234e-01 2.637831922964256250e+02 1.006584807971251848e+03
7.319622039794921875e-01 2.978507407838250742e+02 1.006584807971251848e+03
7.715818881988525391e-01 3.337340986251479080e+02 1.006584807971251848e+03
8.003966808319091797e-01 3.718581362377846062e+02 1.006584807971251848e+03
8.319733142852783203e-01 4.114406882690441876e+02 1.006584807971251848e+03
8.652458190917968750e-01 4.535786156898843728e+02 1.006584807971251848e+03
8.991303443908691406e-01 4.981625303489978478e+02 1.006584807971251848e+03
9.324483871459960938e-01 5.444379663671039680e+02 1.006584807971251848e+03
9.651715755462646484e-01 5.919148793473984824e+02 1.006584807971251848e+03
9.991149902343750000e-01 6.397048277300144719e+02 1.006584807971251848e+03
1.032411098480224609e+00 6.875181984858841133e+02 1.006584807971251848e+03
1.065208911895751953e+00 7.333761342287091338e+02 1.006584807971251848e+03
1.103283643722534180e+00 7.775072981854103773e+02 1.006584807971251848e+03
1.138088703155517578e+00 8.194541916842242699e+02 1.006584807971251848e+03
1.165556192398071289e+00 8.586655111126568727e+02 1.006584807971251848e+03
1.198567628860473633e+00 8.962282768038145377e+02 1.006584807971251848e+03
1.231927871704101562e+00 9.312426307938840182e+02 1.006584807971251848e+03
1.268101692199707031e+00 9.639513213330576491e+02 1.006584807971251848e+03
1.298899412155151367e+00 9.943571380519940703e+02 1.006584807971251848e+03
1.331928014755249023e+00 1.022502613785214521e+03 1.006584807971251848e+03
1.365200757980346680e+00 1.048715314947177376e+03 1.006584807971251848e+03
1.398649215698242188e+00 1.072032833104810607e+03 1.006584807971251848e+03
1.431773662567138672e+00 1.094349255929691935e+03 1.006584807971251848e+03
1.471509933471679688e+00 1.113869402817977516e+03 1.006584807971251848e+03
1.502425909042358398e+00 1.131499115927609637e+03 1.006584807971251848e+03
1.531813859939575195e+00 1.147297792246353993e+03 1.006584807971251848e+03
1.565500259399414062e+00 1.160972512268849187e+03 1.006584807971251848e+03
1.598564386367797852e+00 1.172451377823771736e+03 1.006584807971251848e+03
1.638096809387207031e+00 1.182268299944754062e+03 1.006584807971251848e+03
1.665315151214599609e+00 1.190237940691056792e+03 1.006584807971251848e+03
1.698814153671264648e+00 1.196342432823443232e+03 1.006584807971251848e+03
1.732097864151000977e+00 1.200837928807967046e+03 1.006584807971251848e+03
1.769529104232788086e+00 1.203027473435991851e+03 1.006584807971251848e+03
1.799662351608276367e+00 1.203741080474754426e+03 1.006584807971251848e+03
1.832001924514770508e+00 1.202238606656002730e+03 1.006584807971251848e+03
1.865250825881958008e+00 1.199486938728730365e+03 1.006584807971251848e+03
1.904131412506103516e+00 1.194755239558234507e+03 1.006584807971251848e+03
1.932104825973510742e+00 1.188509852907122877e+03 1.006584807971251848e+03
1.965452909469604492e+00 1.180436301944296247e+03 1.006584807971251848e+03
1.998554706573486328e+00 1.170887419521038510e+03 1.006584807971251848e+03
2.037185907363891602e+00 1.159527399553573559e+03 1.006584807971251848e+03
2.065567255020141602e+00 1.146655224677984052e+03 1.006584807971251848e+03
2.098821878433227539e+00 1.132024065730759048e+03 1.006584807971251848e+03
2.131973743438720703e+00 1.115431307429425487e+03 1.006584807971251848e+03
2.165295600891113281e+00 1.097525001874478448e+03 1.006584807971251848e+03
2.198937416076660156e+00 1.077981210229705539e+03 1.006584807971251848e+03
2.237884521484375000e+00 1.056877481028392140e+03 1.006584807971251848e+03
2.271511793136596680e+00 1.034033685624238387e+03 1.006584807971251848e+03
2.299185991287231445e+00 1.009213218848579118e+03 1.006584807971251848e+03
2.331875324249267578e+00 9.825305266168452363e+02 1.006584807971251848e+03
2.365460157394409180e+00 9.546956018527272363e+02 1.006584807971251848e+03
2.402994871139526367e+00 9.249633283262261330e+02 1.006584807971251848e+03
2.432222843170166016e+00 8.934405626619964096e+02 1.006584807971251848e+03
2.465162754058837891e+00 8.605321070494860578e+02 1.006584807971251848e+03
2.498572587966918945e+00 8.262168619172895205e+02 1.006584807971251848e+03
2.532348155975341797e+00 7.913451000431249440e+02 1.006584807971251848e+03
2.565178632736206055e+00 7.567988508239521934e+02 1.006584807971251848e+03
2.605079412460327148e+00 7.227550459673378782e+02 1.006584807971251848e+03
2.633358716964721680e+00 6.901667613001026211e+02 1.006584807971251848e+03
2.665771007537841797e+00 6.601981555065450493e+02 1.006584807971251848e+03
2.698716640472412109e+00 6.330673770773281603e+02 1.006584807971251848e+03
2.731823921203613281e+00 6.091526576586625197e+02 1.006584807971251848e+03
2.765851974487304688e+00 5.888584802978466541e+02 1.006584807971251848e+03
2.801527261734008789e+00 5.712778760926066752e+02 1.006584807971251848e+03
2.838472843170166016e+00 5.571972237073857741e+02 1.006584807971251848e+03
2.865264654159545898e+00 5.465462555486701604e+02 1.006584807971251848e+03
2.898488521575927734e+00 5.386868667591596704e+02 1.006584807971251848e+03
2.932091712951660156e+00 5.341070957608585559e+02 1.006584807971251848e+03
2.965466022491455078e+00 5.325899136428389511e+02 1.006584807971251848e+03
2.998509645462036133e+00 5.338808761037360000e+02 1.006584807971251848e+03
3.038161993026733398e+00 5.385147951816931027e+02 1.006584807971251848e+03
3.071317434310913086e+00 5.457974509210315546e+02 1.006584807971251848e+03
3.099679708480834961e+00 5.561836760374610549e+02 1.006584807971251848e+03
3.131869792938232422e+00 5.687996231656533155e+02 1.006584807971251848e+03
3.165484666824340820e+00 5.841400316216503370e+02 1.006584807971251848e+03
3.201311588287353516e+00 6.021136493555474090e+02 1.006584807971251848e+03
3.232201099395751953e+00 6.224101579435030089e+02 1.006584807971251848e+03
3.265139818191528320e+00 6.450758874544717401e+02 1.006584807971251848e+03
3.298655271530151367e+00 6.700595590797031491e+02 1.006584807971251848e+03
3.334205150604248047e+00 6.967077128209374450e+02 1.006584807971251848e+03
3.365204572677612305e+00 7.245174310422190729e+02 1.006584807971251848e+03
3.398762702941894531e+00 7.538040137681030046e+02 1.006584807971251848e+03
3.432049512863159180e+00 7.820284022204359644e+02 1.006584807971251848e+03
3.465323448181152344e+00 8.096100818118003417e+02 1.006584807971251848e+03
3.502707481384277344e+00 8.361351196143342577e+02 1.006584807971251848e+03
3.538335323333740234e+00 8.604940872363719109e+02 1.006584807971251848e+03
3.565273284912109375e+00 8.834873998207796149e+02 1.006584807971251848e+03
3.598676443099975586e+00 9.045008513116282529e+02 1.006584807971251848e+03
3.632077932357788086e+00 9.231914038324345029e+02 1.006584807971251848e+03
3.668459177017211914e+00 9.404601449020964310e+02 1.006584807971251848e+03
3.698667526245117188e+00 9.555915693273113902e+02 1.006584807971251848e+03
3.732356309890747070e+00 9.684854748680721741e+02 1.006584807971251848e+03
3.765339374542236328e+00 9.798367019535577356e+02 1.006584807971251848e+03
3.798657417297363281e+00 9.893504258480739963e+02 1.006584807971251848e+03
3.832037448883056641e+00 9.967431291068833161e+02 1.006584807971251848e+03
3.871787786483764648e+00 1.002248064575949456e+03 1.006584807971251848e+03
3.899082422256469727e+00 1.006281577581060446e+03 1.006584807971251848e+03
3.931899070739746094e+00 1.008439226718787154e+03 1.006584807971251848e+03
3.965321779251098633e+00 1.008631740734253526e+03 1.006584807971251848e+03
3.998707771301269531e+00 1.007177838513094116e+03 1.006584807971251848e+03
4.031647920608520508e+00 1.004202355313961561e+03 1.006584807971251848e+03
4.072606563568115234e+00 9.996875317447081670e+02 1.006584807971251848e+03
4.102209329605102539e+00 9.935974759193281898e+02 1.006584807971251848e+03
4.132105588912963867e+00 9.849207016583533232e+02 1.006584807971251848e+03
4.165235280990600586e+00 9.751186517915241438e+02 1.006584807971251848e+03
4.198659658432006836e+00 9.639036512904187930e+02 1.006584807971251848e+03
4.232290983200073242e+00 9.506969054309264493e+02 1.006584807971251848e+03
4.265187263488769531e+00 9.355117778046686681e+02 1.006584807971251848e+03
4.304693698883056641e+00 9.195382597785184089e+02 1.006584807971251848e+03
4.336127996444702148e+00 9.011767224751123422e+02 1.006584807971251848e+03
4.365534782409667969e+00 8.820209357644295096e+02 1.006584807971251848e+03
4.398684978485107422e+00 8.620409428622657515e+02 1.006584807971251848e+03
4.431972026824951172e+00 8.418868974328755712e+02 1.006584807971251848e+03
4.465186834335327148e+00 8.221369997509148106e+02 1.006584807971251848e+03
4.498995065689086914e+00 8.034860558183999046e+02 1.006584807971251848e+03
4.537902593612670898e+00 7.866806116466950698e+02 1.006584807971251848e+03
4.570325851440429688e+00 7.720624411498808968e+02 1.006584807971251848e+03
4.599010944366455078e+00 7.594454125479585400e+02 1.006584807971251848e+03
4.632044076919555664e+00 7.503495307690088794e+02 1.006584807971251848e+03
4.665226459503173828e+00 7.434946248332449841e+02 1.006584807971251848e+03
4.698672294616699219e+00 7.401836058615048159e+02 1.006584807971251848e+03
4.732077360153198242e+00 7.391281493900580699e+02 1.006584807971251848e+03
4.771534442901611328e+00 7.411065795033152881e+02 1.006584807971251848e+03
4.805250883102416992e+00 7.467263205593587827e+02 1.006584807971251848e+03
4.833538532257080078e+00 7.547737852919105990e+02 1.006584807971251848e+03
4.865298748016357422e+00 7.653475766994621381e+02 1.006584807971251848e+03
4.898569345474243164e+00 7.782316704050859926e+02 1.006584807971251848e+03
4.931931972503662109e+00 7.932728505272940538e+02 1.006584807971251848e+03
4.971296548843383789e+00 8.096066902621694226e+02 1.006584807971251848e+03
5.000977516174316406e+00 8.261697528004357309e+02 1.006584807971251848e+03
5.032063961029052734e+00 8.440628393626423076e+02 1.006584807971251848e+03
5.065372705459594727e+00 8.613967470833882771e+02 1.006584807971251848e+03
5.098587274551391602e+00 8.781228566438649068e+02 1.006584807971251848e+03
5.132156848907470703e+00 8.940928741479733617e+02 1.006584807971251848e+03
5.165191888809204102e+00 9.081411598787768753e+02 1.006584807971251848e+03
5.204504966735839844e+00 9.208174820559883074e+02 1.006584807971251848e+03
5.235697746276855469e+00 9.313129181498796925e+02 1.006584807971251848e+03
5.265441417694091797e+00 9.403263597113747210e+02 1.006584807971251848e+03
5.298576116561889648e+00 9.477413605308122442e+02 1.006584807971251848e+03
5.332329988479614258e+00 9.532752159540092407e+02 1.006584807971251848e+03
5.370962142944335938e+00 9.570461378696160182e+02 1.006584807971251848e+03
5.404570817947387695e+00 9.590361682085215307e+02 1.006584807971251848e+03
5.433650732040405273e+00 9.596654341703296041e+02 1.006584807971251848e+03
5.465399265289306641e+00 9.583106532926576620e+02 1.006584807971251848e+03
5.498567581176757812e+00 9.553566159520080419e+02 1.006584807971251848e+03
5.531833171844482422e+00 9.507289569862360850e+02 1.006584807971251848e+03
5.570836544036865234e+00 9.446572528275581817e+02 1.006584807971251848e+03
5.600126266479492188e+00 9.366192090429959762e+02 1.006584807971251848e+03
5.632979393005371094e+00 9.272669528961693004e+02 1.006584807971251848e+03
5.665217161178588867e+00 9.172418171203640895e+02 1.006584807971251848e+03
5.698513269424438477e+00 9.064039519274209624e+02 1.006584807971251848e+03
5.732177734375000000e+00 8.949768384457350976e+02 1.006584807971251848e+03
5.765568733215332031e+00 8.837306251959557812e+02 1.006584807971251848e+03
5.804596185684204102e+00 8.729897580921438021e+02 1.006584807971251848e+03
5.832732677459716797e+00 8.633481915342111961e+02 1.006584807971251848e+03
5.898107528686523438e+00 8.530996418637530496e+02 1.006584807971251848e+03
5.900316238403320312e+00 8.474267558288693181e+02 1.006584807971251848e+03
5.932045221328735352e+00 8.415106944225609595e+02 1.006584807971251848e+03
5.965237617492675781e+00 8.377895605340041811e+02 1.006584807971251848e+03
5.998797893524169922e+00 8.358221099901877551e+02 1.006584807971251848e+03
6.031968593597412109e+00 8.364113585966300661e+02 1.006584807971251848e+03
6.071097850799560547e+00 8.387607978367682335e+02 1.006584807971251848e+03
6.098567485809326172e+00 8.429822339834001923e+02 1.006584807971251848e+03
6.132078170776367188e+00 8.488769532130528432e+02 1.006584807971251848e+03
6.165278911590576172e+00 8.559790771917746497e+02 1.006584807971251848e+03
6.198864221572875977e+00 8.639074361841043128e+02 1.006584807971251848e+03
6.232131004333496094e+00 8.729467684829952532e+02 1.006584807971251848e+03
6.268654346466064453e+00 8.824683348237086875e+02 1.006584807971251848e+03
6.298701524734497070e+00 8.926761397274293586e+02 1.006584807971251848e+03
6.331979513168334961e+00 9.026566913033548190e+02 1.006584807971251848e+03
6.365606784820556641e+00 9.120972911796000062e+02 1.006584807971251848e+03
6.398864746093750000e+00 9.210546031611214630e+02 1.006584807971251848e+03
6.431851863861083984e+00 9.292519865703334290e+02 1.006584807971251848e+03
6.472171068191528320e+00 9.364017867600412046e+02 1.006584807971251848e+03
6.503536939620971680e+00 9.417864032704089823e+02 1.006584807971251848e+03
6.533001899719238281e+00 9.461688887790421632e+02 1.006584807971251848e+03
6.565424919128417969e+00 9.489314339471238782e+02 1.006584807971251848e+03
6.598558425903320312e+00 9.504353973060900671e+02 1.006584807971251848e+03
6.632613658905029297e+00 9.499668447644138496e+02 1.006584807971251848e+03
6.665336847305297852e+00 9.486659573052480710e+02 1.006584807971251848e+03
6.704410552978515625e+00 9.456493530935252920e+02 1.006584807971251848e+03
6.732275724411010742e+00 9.418874064408820459e+02 1.006584807971251848e+03
6.765640020370483398e+00 9.370773315286783145e+02 1.006584807971251848e+03
6.798936367034912109e+00 9.317219201142177099e+02 1.006584807971251848e+03
6.834961652755737305e+00 9.256681652823776858e+02 1.006584807971251848e+03
6.865300416946411133e+00 9.202257510824945257e+02 1.006584807971251848e+03
6.898478031158447266e+00 9.140245394048565686e+02 1.006584807971251848e+03
6.931778907775878906e+00 9.084067550853986859e+02 1.006584807971251848e+03
6.965358972549438477e+00 9.032151080573756872e+02 1.006584807971251848e+03
7.000870466232299805e+00 8.988069492905539164e+02 1.006584807971251848e+03
7.038286209106445312e+00 8.952152341047456048e+02 1.006584807971251848e+03
7.066661596298217773e+00 8.920968372936092692e+02 1.006584807971251848e+03
7.100878000259399414e+00 8.905172538001207840e+02 1.006584807971251848e+03
7.134861469268798828e+00 8.899600177375343719e+02 1.006584807971251848e+03
7.165523767471313477e+00 8.907057728332862325e+02 1.006584807971251848e+03
7.198582649230957031e+00 8.918167354259327340e+02 1.006584807971251848e+03
7.233597278594970703e+00 8.946445856769137208e+02 1.006584807971251848e+03
7.266704082489013672e+00 8.979031101597013276e+02 1.006584807971251848e+03
7.298449277877807617e+00 9.017934539635431292e+02 1.006584807971251848e+03
7.335511207580566406e+00 9.069504071753831340e+02 1.006584807971251848e+03
7.365500688552856445e+00 9.123667699899855279e+02 1.006584807971251848e+03
7.398515462875366211e+00 9.182368521483107315e+02 1.006584807971251848e+03
7.432144880294799805e+00 9.244130865188132020e+02 1.006584807971251848e+03
7.465294361114501953e+00 9.301766730125568756e+02 1.006584807971251848e+03
7.498487472534179688e+00 9.359147067629487537e+02 1.006584807971251848e+03
7.537975311279296875e+00 9.409558245840215704e+02 1.006584807971251848e+03
7.570700168609619141e+00 9.461387190207356070e+02 1.006584807971251848e+03
7.598867177963256836e+00 9.500783654496269719e+02 1.006584807971251848e+03
7.632204532623291016e+00 9.536129606738057873e+02 1.006584807971251848e+03
7.665110349655151367e+00 9.565437829607860749e+02 1.006584807971251848e+03
7.704370498657226562e+00 9.581450352203589773e+02 1.006584807971251848e+03
7.732741594314575195e+00 9.591576475004068243e+02 1.006584807971251848e+03
7.765675783157348633e+00 9.594025573714479833e+02 1.006584807971251848e+03
7.798514604568481445e+00 9.583777819745631632e+02 1.006584807971251848e+03
7.834518432617187500e+00 9.571267531436776608e+02 1.006584807971251848e+03
7.865872383117675781e+00 9.545876372449813516e+02 1.006584807971251848e+03
7.898549079895019531e+00 9.521406549533647876e+02 1.006584807971251848e+03
7.932142257690429688e+00 9.488100506955513538e+02 1.006584807971251848e+03
7.965095996856689453e+00 9.454022224107426382e+02 1.006584807971251848e+03
7.998444080352783203e+00 9.416712927964565552e+02 1.006584807971251848e+03
8.034964799880981445e+00 9.386127518382735389e+02 1.006584807971251848e+03
8.071609973907470703e+00 9.352612533393589729e+02 1.006584807971251848e+03
8.099122047424316406e+00 9.322138771408787079e+02 1.006584807971251848e+03
8.131864309310913086e+00 9.299630036721097213e+02 1.006584807971251848e+03
8.165527343750000000e+00 9.283186570427953939e+02 1.006584807971251848e+03
8.198487520217895508e+00 9.265822627397770930e+02 1.006584807971251848e+03
8.231714487075805664e+00 9.261482892264990596e+02 1.006584807971251848e+03
8.271799802780151367e+00 9.257266437426388848e+02 1.006584807971251848e+03
8.298379421234130859e+00 9.261512736450620196e+02 1.006584807971251848e+03
8.331745862960815430e+00 9.274143262527491061e+02 1.006584807971251848e+03
8.365165472030639648e+00 9.289723329360942898e+02 1.006584807971251848e+03
8.404384851455688477e+00 9.312383512998735569e+02 1.006584807971251848e+03
8.432795763015747070e+00 9.339047076381899615e+02 1.006584807971251848e+03
8.465147018432617188e+00 9.369242635629271945e+02 1.006584807971251848e+03
8.499039411544799805e+00 9.402196015385362671e+02 1.006584807971251848e+03
8.531699657440185547e+00 9.438564658485443033e+02 1.006584807971251848e+03
8.565197944641113281e+00 9.473472392481526185e+02 1.006584807971251848e+03
8.601317882537841797e+00 9.510585266434748064e+02 1.006584807971251848e+03
8.637603282928466797e+00 9.539469993075803131e+02 1.006584807971251848e+03
8.671357870101928711e+00 9.569067131562080704e+02 1.006584807971251848e+03
8.699072360992431641e+00 9.595800408746803214e+02 1.006584807971251848e+03
8.731788873672485352e+00 9.623118013447050316e+02 1.006584807971251848e+03
8.765971660614013672e+00 9.644919595204328289e+02 1.006584807971251848e+03
8.801572084426879883e+00 9.656975246957497347e+02 1.006584807971251848e+03
8.831764698028564453e+00 9.666789231239781657e+02 1.006584807971251848e+03
8.865122079849243164e+00 9.673449633307910744e+02 1.006584807971251848e+03
8.901527404785156250e+00 9.673460295534954412e+02 1.006584807971251848e+03
8.931989192962646484e+00 9.665726808950155373e+02 1.006584807971251848e+03
8.965455055236816406e+00 9.654144950407468286e+02 1.006584807971251848e+03
8.998536825180053711e+00 9.643279730662080738e+02 1.006584807971251848e+03
9.033146142959594727e+00 9.628499410606415267e+02 1.006584807971251848e+03
9.065306186676025391e+00 9.606869932788257529e+02 1.006584807971251848e+03
9.098570823669433594e+00 9.593974061268559126e+02 1.006584807971251848e+03
9.133961915969848633e+00 9.573943619878480149e+02 1.006584807971251848e+03
9.165345191955566406e+00 9.555525072710499899e+02 1.006584807971251848e+03
9.198515176773071289e+00 9.537276778655672160e+02 1.006584807971251848e+03
9.231833457946777344e+00 9.523440769825098187e+02 1.006584807971251848e+03
9.265272617340087891e+00 9.510722064570129533e+02 1.006584807971251848e+03
9.301473140716552734e+00 9.504570245718417709e+02 1.006584807971251848e+03
9.337987899780273438e+00 9.491723387641378622e+02 1.006584807971251848e+03
9.365276575088500977e+00 9.488892576983507752e+02 1.006584807971251848e+03
9.398360967636108398e+00 9.490494353162048355e+02 1.006584807971251848e+03
9.431832551956176758e+00 9.497153622759147993e+02 1.006584807971251848e+03
9.465090751647949219e+00 9.502563534578733879e+02 1.006584807971251848e+03
9.498583078384399414e+00 9.512197899483794572e+02 1.006584807971251848e+03
9.538179874420166016e+00 9.524537612632711898e+02 1.006584807971251848e+03
9.565176010131835938e+00 9.542762745591994644e+02 1.006584807971251848e+03
9.598518371582031250e+00 9.558887421607837496e+02 1.006584807971251848e+03
9.631824970245361328e+00 9.578668061107781568e+02 1.006584807971251848e+03
9.667702198028564453e+00 9.595523790293434558e+02 1.006584807971251848e+03
9.698671340942382812e+00 9.616595715531547057e+02 1.006584807971251848e+03
9.731791734695434570e+00 9.635037041741749135e+02 1.006584807971251848e+03
9.765024423599243164e+00 9.655495795369056395e+02 1.006584807971251848e+03
9.798387527465820312e+00 9.672447641812489110e+02 1.006584807971251848e+03
9.831776857376098633e+00 9.694256689534391853e+02 1.006584807971251848e+03
9.871118068695068359e+00 9.705138468906195612e+02 1.006584807971251848e+03
9.905797958374023438e+00 9.717273679393970269e+02 1.006584807971251848e+03
9.932734251022338867e+00 9.728076311216375416e+02 1.006584807971251848e+03
9.965283632278442383e+00 9.735234260975913685e+02 1.006584807971251848e+03
9.998259305953979492e+00 9.740805311718108896e+02 1.006584807971251848e+03
1.003453469276428223e+01 9.742924668417937255e+02 2.065848079712519052e+02
1.006515026092529297e+01 9.741468753398469289e+02 2.065848079712519052e+02
1.009843349456787109e+01 9.736757721268176056e+02 2.065848079712519052e+02
1.013164520263671875e+01 9.724030478256594279e+02 2.065848079712519052e+02
1.016520977020263672e+01 9.699966961861123309e+02 2.065848079712519052e+02
1.020145797729492188e+01 9.662253574792430300e+02 2.065848079712519052e+02
1.023180603981018066e+01 9.609085866008294943e+02 2.065848079712519052e+02
1.026518273353576660e+01 9.540760575951125020e+02 2.065848079712519052e+02
1.030064463615417480e+01 9.456031698270037396e+02 2.065848079712519052e+02
1.033229732513427734e+01 9.355495751280485592e+02 2.065848079712519052e+02
1.036515927314758301e+01 9.237616336272959643e+02 2.065848079712519052e+02
1.039889645576477051e+01 9.105937368481245358e+02 2.065848079712519052e+02
1.043361854553222656e+01 8.955710198294837028e+02 2.065848079712519052e+02
1.046524190902709961e+01 8.791051504112640487e+02 2.065848079712519052e+02
1.049898314476013184e+01 8.610593355149911758e+02 2.065848079712519052e+02
1.053232216835021973e+01 8.415112107826947749e+02 2.065848079712519052e+02
1.056575179100036621e+01 8.199300612247441222e+02 2.065848079712519052e+02
1.060184264183044434e+01 7.975864151728203524e+02 2.065848079712519052e+02
1.063796949386596680e+01 7.733493616463534863e+02 2.065848079712519052e+02
1.066890263557434082e+01 7.476743270904203200e+02 2.065848079712519052e+02
1.069846868515014648e+01 7.203824710361474217e+02 2.065848079712519052e+02
1.073167610168457031e+01 6.916963453688911159e+02 2.065848079712519052e+02
1.076938390731811523e+01 6.614515826106833174e+02 2.065848079712519052e+02
1.079989147186279297e+01 6.297341399613584372e+02 2.065848079712519052e+02
1.083181786537170410e+01 5.965479030344994271e+02 2.065848079712519052e+02
1.086504554748535156e+01 5.620516249739281420e+02 2.065848079712519052e+02
1.090164422988891602e+01 5.255223010564918695e+02 2.065848079712519052e+02
1.093224215507507324e+01 4.885365060137586966e+02 2.065848079712519052e+02
1.096506333351135254e+01 4.493875843324669859e+02 2.065848079712519052e+02
1.099827575683593750e+01 4.088509657316425319e+02 2.065848079712519052e+02
1.103794956207275391e+01 3.670435385642123265e+02 2.065848079712519052e+02
1.106623029708862305e+01 3.237477451514709514e+02 2.065848079712519052e+02
1.109835338592529297e+01 2.791833614687343470e+02 2.065848079712519052e+02
1.113171458244323730e+01 2.332450095965853620e+02 2.065848079712519052e+02
1.116729807853698730e+01 1.854133343837883672e+02 2.065848079712519052e+02
1.119841456413269043e+01 1.369699946577937624e+02 2.065848079712519052e+02
1.123171114921569824e+01 8.775369796167207426e+01 2.065848079712519052e+02
1.126900553703308105e+01 3.891117480626283509e+01 2.065848079712519052e+02
1.129848575592041016e+01 9.616924508706125252e+00 2.065848079712519052e+02
1.133165359497070312e+01 3.363316931666103216e+01 2.065848079712519052e+02
1.136501741409301758e+01 5.930329801164914727e+01 2.065848079712519052e+02
1.139860868453979492e+01 8.529795460210495150e+01 2.065848079712519052e+02
1.143164873123168945e+01 1.104936156577873732e+02 2.065848079712519052e+02
1.146788430213928223e+01 1.347738845043928393e+02 2.065848079712519052e+02
1.150154399871826172e+01 1.574859017236524608e+02 2.065848079712519052e+02
1.153182029724121094e+01 1.789557491918646974e+02 2.065848079712519052e+02
1.156532621383666992e+01 1.980179049561228339e+02 2.065848079712519052e+02
1.159907484054565430e+01 2.160522327853053923e+02 2.065848079712519052e+02
1.163161611557006836e+01 2.318159546683758663e+02 2.065848079712519052e+02
1.166532897949218750e+01 2.455563743124129132e+02 2.065848079712519052e+02
1.170459222793579102e+01 2.578203233765734694e+02 2.065848079712519052e+02
1.173252058029174805e+01 2.685306728233696845e+02 2.065848079712519052e+02
1.176506090164184570e+01 2.769282692900806637e+02 2.065848079712519052e+02
1.179836177825927734e+01 2.838124055213023667e+02 2.065848079712519052e+02
1.183162760734558105e+01 2.894986317949605450e+02 2.065848079712519052e+02
1.186522555351257324e+01 2.933059665474405620e+02 2.065848079712519052e+02
1.190149807929992676e+01 2.950502675196923406e+02 2.065848079712519052e+02
1.193785762786865234e+01 2.953671713614289160e+02 2.065848079712519052e+02
1.196578073501586914e+01 2.940849872374243432e+02 2.065848079712519052e+02
1.199841976165771484e+01 2.903500651391331644e+02 2.065848079712519052e+02
1.203172707557678223e+01 2.855264683872101159e+02 2.065848079712519052e+02
1.206500029563903809e+01 2.793271730090200435e+02 2.065848079712519052e+02
1.209842324256896973e+01 2.713809788711278088e+02 2.065848079712519052e+02
1.213409709930419922e+01 2.614434880128227974e+02 2.065848079712519052e+02
1.216790938377380371e+01 2.501000023347343415e+02 2.065848079712519052e+02
1.219837236404418945e+01 2.376353516251434996e+02 2.065848079712519052e+02
1.223248314857482910e+01 2.231105529278349309e+02 2.065848079712519052e+02
1.226484012603759766e+01 2.070317867950036259e+02 2.065848079712519052e+02
1.230407023429870605e+01 1.891437308085871223e+02 2.065848079712519052e+02
1.233613085746765137e+01 1.701342365650056934e+02 2.065848079712519052e+02
1.236498832702636719e+01 1.493903316326186541e+02 2.065848079712519052e+02
1.239898896217346191e+01 1.274563832683880520e+02 2.065848079712519052e+02
1.243173265457153320e+01 1.043611731850930795e+02 2.065848079712519052e+02
1.246505689620971680e+01 8.002351943415973778e+01 2.065848079712519052e+02
1.250450587272644043e+01 5.632833508824680280e+01 2.065848079712519052e+02
1.253817391395568848e+01 3.344236731574014954e+01 2.065848079712519052e+02
1.256582784652709961e+01 1.154380968875624802e+01 2.065848079712519052e+02
1.259840488433837891e+01 1.185003013752005430e+01 2.065848079712519052e+02
1.263161993026733398e+01 2.409064453882044532e+01 2.065848079712519052e+02
1.266693162918090820e+01 3.774254107293320715e+01 2.065848079712519052e+02
1.269833278656005859e+01 5.306459275765410410e+01 2.065848079712519052e+02
1.273167204856872559e+01 6.878691255468228860e+01 2.065848079712519052e+02
1.276502203941345215e+01 8.424019002068840223e+01 2.065848079712519052e+02
1.279846024513244629e+01 9.937460571597381431e+01 2.065848079712519052e+02
1.283167028427124023e+01 1.138006302825326657e+02 2.065848079712519052e+02
1.287071418762207031e+01 1.261523746483958774e+02 2.065848079712519052e+02
1.289823269844055176e+01 1.367783235319999733e+02 2.065848079712519052e+02
1.293185019493103027e+01 1.456822917457597555e+02 2.065848079712519052e+02
1.296594929695129395e+01 1.534639379123895822e+02 2.065848079712519052e+02
1.299822950363159180e+01 1.593144856819920392e+02 2.065848079712519052e+02
1.303163146972656250e+01 1.632320583229882232e+02 2.065848079712519052e+02
1.307084393501281738e+01 1.664780379405489157e+02 2.065848079712519052e+02
1.309949922561645508e+01 1.672809533004785862e+02 2.065848079712519052e+02
1.313162112236022949e+01 1.663494737602383680e+02 2.065848079712519052e+02
1.316574144363403320e+01 1.637822749955327879e+02 2.065848079712519052e+02
1.319886231422424316e+01 1.595760031458291337e+02 2.065848079712519052e+02
1.323269534111022949e+01 1.537828578683544265e+02 2.065848079712519052e+02
1.326781058311462402e+01 1.466691456225371724e+02 2.065848079712519052e+02
1.333256864547729492e+01 1.346803511804172047e+02 2.065848079712519052e+02
1.333399772644042969e+01 1.260330051487064651e+02 2.065848079712519052e+02
1.336492776870727539e+01 1.139502090746135679e+02 2.065848079712519052e+02
1.339898657798767090e+01 1.006506274477458334e+02 2.065848079712519052e+02
1.343449401855468750e+01 8.711278042302389224e+01 2.065848079712519052e+02
1.346500158309936523e+01 7.393901900000078342e+01 2.065848079712519052e+02
1.349854803085327148e+01 6.033565999555621318e+01 2.065848079712519052e+02
1.353146910667419434e+01 4.756740747212192844e+01 2.065848079712519052e+02
1.356698942184448242e+01 3.637246950395827838e+01 2.065848079712519052e+02
1.359832310676574707e+01 2.673921513133964822e+01 2.065848079712519052e+02
1.363165354728698730e+01 1.997819558050002797e+01 2.065848079712519052e+02
1.366497373580932617e+01 1.684790901327584933e+01 2.065848079712519052e+02
1.369854211807250977e+01 1.614929008394773291e+01 2.065848079712519052e+02
1.373280262947082520e+01 1.899201504255804807e+01 2.065848079712519052e+02
1.377092909812927246e+01 2.445288299943199917e+01 2.065848079712519052e+02
1.379837298393249512e+01 3.115485822112633585e+01 2.065848079712519052e+02
1.383157300949096680e+01 4.117881658431668512e+01 2.065848079712519052e+02
1.386504888534545898e+01 5.235447326626641740e+01 2.065848079712519052e+02
1.390484762191772461e+01 6.473658963790167320e+01 2.065848079712519052e+02
1.393176054954528809e+01 7.620521095896084773e+01 2.065848079712519052e+02
1.396491026878356934e+01 8.751126640287760949e+01 2.065848079712519052e+02
1.400170183181762695e+01 9.759154920408542466e+01 2.065848079712519052e+02
1.403171896934509277e+01 1.083333560106639766e+02 2.065848079712519052e+02
1.406504464149475098e+01 1.156551028292130923e+02 2.065848079712519052e+02
1.409826540946960449e+01 1.220312916012744040e+02 2.065848079712519052e+02
1.413167524337768555e+01 1.280256684649246495e+02 2.065848079712519052e+02
1.416486811637878418e+01 1.310577823275051799e+02 2.065848079712519052e+02
1.420415782928466797e+01 1.330432305976187024e+02 2.065848079712519052e+02
1.423227071762084961e+01 1.330727265032536479e+02 2.065848079712519052e+02
1.426505422592163086e+01 1.321226151311058459e+02 2.065848079712519052e+02
1.429825472831726074e+01 1.291855261591200872e+02 2.065848079712519052e+02
1.433158874511718750e+01 1.251392437332710728e+02 2.065848079712519052e+02
1.436502146720886230e+01 1.193868453749817746e+02 2.065848079712519052e+02
1.440192341804504395e+01 1.128584326513169174e+02 2.065848079712519052e+02
1.443208694458007812e+01 1.054698743295074479e+02 2.065848079712519052e+02
1.446504735946655273e+01 9.700547268028510928e+01 2.065848079712519052e+02
1.449893975257873535e+01 8.878979341231199385e+01 2.065848079712519052e+02
1.453584480285644531e+01 8.019449828439822170e+01 2.065848079712519052e+02
1.456519222259521484e+01 7.194391233878313585e+01 2.065848079712519052e+02
1.459816122055053711e+01 6.497809945535709630e+01 2.065848079712519052e+02
1.463155484199523926e+01 5.869612628685906941e+01 2.065848079712519052e+02
1.466666793823242188e+01 5.387528774957242916e+01 2.065848079712519052e+02
1.469827795028686523e+01 5.051116754152232602e+01 2.065848079712519052e+02
1.473165845870971680e+01 4.898266895341239291e+01 2.065848079712519052e+02
1.476482248306274414e+01 4.886139996862931412e+01 2.065848079712519052e+02
1.479959535598754883e+01 5.005773149779070508e+01 2.065848079712519052e+02
1.483180856704711914e+01 5.251678562812486462e+01 2.065848079712519052e+02
1.486502432823181152e+01 5.639687321815107168e+01 2.065848079712519052e+02
1.489865708351135254e+01 6.089728002552605091e+01 2.065848079712519052e+02
1.493190741539001465e+01 6.596293873303901023e+01 2.065848079712519052e+02
1.496715974807739258e+01 7.094976003872884007e+01 2.065848079712519052e+02
1.500418448448181152e+01 7.795158484920199271e+01 2.065848079712519052e+02
1.503246164321899414e+01 8.452230686003512972e+01 2.065848079712519052e+02
1.506487250328063965e+01 9.113231423477083126e+01 2.065848079712519052e+02
1.509837651252746582e+01 9.848954962522103074e+01 2.065848079712519052e+02
1.513421511650085449e+01 1.052783113393700773e+02 2.065848079712519052e+02
1.519951653480529785e+01 1.001702044138096284e+02 2.065848079712519052e+02
1.520094227790832520e+01 1.154044130566177984e+02 2.065848079712519052e+02
1.523168730735778809e+01 1.204126207667017781e+02 2.065848079712519052e+02
1.526497197151184082e+01 1.240951097248297401e+02 2.065848079712519052e+02
1.529820203781127930e+01 1.270090785671638685e+02 2.065848079712519052e+02
1.533741211891174316e+01 1.285519256984973424e+02 2.065848079712519052e+02
1.536576151847839355e+01 1.289840018783313838e+02 2.065848079712519052e+02
1.539848780632019043e+01 1.292640153937448417e+02 2.065848079712519052e+02
1.543164229393005371e+01 1.275020845458061274e+02 2.065848079712519052e+02
1.546509552001953125e+01 1.266309539528546821e+02 2.065848079712519052e+02
1.549824118614196777e+01 1.247363026267231447e+02 2.065848079712519052e+02
1.553472924232482910e+01 1.222198655170227966e+02 2.065848079712519052e+02
1.559859538078308105e+01 1.179521108133032783e+02 2.065848079712519052e+02
1.560004901885986328e+01 1.166680392169029545e+02 2.065848079712519052e+02
1.563173985481262207e+01 1.138647754749577246e+02 2.065848079712519052e+02
1.566510963439941406e+01 1.123807434923032673e+02 2.065848079712519052e+02
1.569827151298522949e+01 1.101884594657865506e+02 2.065848079712519052e+02
1.573172211647033691e+01 1.086877800296695256e+02 2.065848079712519052e+02
1.576918148994445801e+01 1.087143680669165207e+02 2.065848079712519052e+02
1.580432367324829102e+01 1.087307859458842927e+02 2.065848079712519052e+02
1.583164858818054199e+01 1.095292872229011607e+02 2.065848079712519052e+02
1.586495661735534668e+01 1.109126922463187555e+02 2.065848079712519052e+02
1.590140104293823242e+01 1.120231440357420922e+02 2.065848079712519052e+02
1.593167901039123535e+01 1.140321741509798130e+02 2.065848079712519052e+02
1.596487736701965332e+01 1.163900135900919537e+02 2.065848079712519052e+02
1.599819898605346680e+01 1.185766656495914475e+02 2.065848079712519052e+02
1.603165936470031738e+01 1.206210506485805780e+02 2.065848079712519052e+02
1.606765151023864746e+01 1.229079869440055859e+02 2.065848079712519052e+02
1.609818744659423828e+01 1.252495543998111032e+02 2.065848079712519052e+02
1.613150954246520996e+01 1.275209512988119656e+02 2.065848079712519052e+02
1.616493153572082520e+01 1.295907656266579409e+02 2.065848079712519052e+02
1.619828343391418457e+01 1.317537416834587702e+02 2.065848079712519052e+02
1.623162889480590820e+01 1.333748787195896455e+02 2.065848079712519052e+02
1.627094244956970215e+01 1.354080075900773181e+02 2.065848079712519052e+02
1.630402898788452148e+01 1.360132869685951391e+02 2.065848079712519052e+02
1.633199644088745117e+01 1.372495700908102947e+02 2.065848079712519052e+02
1.636488962173461914e+01 1.383100937713161898e+02 2.065848079712519052e+02
1.640147662162780762e+01 1.390737444307561930e+02 2.065848079712519052e+02
1.643175745010375977e+01 1.385352724774228932e+02 2.065848079712519052e+02
1.646486592292785645e+01 1.392349445434416282e+02 2.065848079712519052e+02
1.649824380874633789e+01 1.388393078913005354e+02 2.065848079712519052e+02
1.653159236907958984e+01 1.386414654591763735e+02 2.065848079712519052e+02
1.656472373008728027e+01 1.374819794242942521e+02 2.065848079712519052e+02
1.660411524772644043e+01 1.366681487596036106e+02 2.065848079712519052e+02
1.663635516166687012e+01 1.360402447964739281e+02 2.065848079712519052e+02
1.666512179374694824e+01 1.346066904059986769e+02 2.065848079712519052e+02
1.669867777824401855e+01 1.339205233004601325e+02 2.065848079712519052e+02
1.673326206207275391e+01 1.331573143748286725e+02 2.065848079712519052e+02
1.676473426818847656e+01 1.327499693839664303e+02 2.065848079712519052e+02
1.679824376106262207e+01 1.321012930500771745e+02 2.065848079712519052e+02
1.683163285255432129e+01 1.319486144567295298e+02 2.065848079712519052e+02
1.686899733543395996e+01 1.314009836550353896e+02 2.065848079712519052e+02
1.690404200553894043e+01 1.315181287684830806e+02 2.065848079712519052e+02
1.693308115005493164e+01 1.321736794196557696e+02 2.065848079712519052e+02
1.696478629112243652e+01 1.329602022006508832e+02 2.065848079712519052e+02
1.699815034866333008e+01 1.337723311150060965e+02 2.065848079712519052e+02
1.703177571296691895e+01 1.351188457971654202e+02 2.065848079712519052e+02
1.706480026245117188e+01 1.362901795040812374e+02 2.065848079712519052e+02
1.710127258300781250e+01 1.386198967108049089e+02 2.065848079712519052e+02
1.713749527931213379e+01 1.399867210921200922e+02 2.065848079712519052e+02
1.716484284400939941e+01 1.418656084326263453e+02 2.065848079712519052e+02
1.719839000701904297e+01 1.438522226930932106e+02 2.065848079712519052e+02
1.723164725303649902e+01 1.451956080003943441e+02 2.065848079712519052e+02
1.726498150825500488e+01 1.467288279931443640e+02 2.065848079712519052e+02
1.729875016212463379e+01 1.483066740900778484e+02 2.065848079712519052e+02
1.733550286293029785e+01 1.493880414614084771e+02 2.065848079712519052e+02
1.736536955833435059e+01 1.504337814280391115e+02 2.065848079712519052e+02
1.739828491210937500e+01 1.513301033497194794e+02 2.065848079712519052e+02
1.743160009384155273e+01 1.519543028728365073e+02 2.065848079712519052e+02
1.746504545211791992e+01 1.527458357000163858e+02 2.065848079712519052e+02
1.749892020225524902e+01 1.532439299974150515e+02 2.065848079712519052e+02
1.753757452964782715e+01 1.533689937629671647e+02 2.065848079712519052e+02
1.756987166404724121e+01 1.535540055548663076e+02 2.065848079712519052e+02
1.759853315353393555e+01 1.535412241901231880e+02 2.065848079712519052e+02
1.763169288635253906e+01 1.533793703823642431e+02 2.065848079712519052e+02
1.766582274436950684e+01 1.526639600067087770e+02 2.065848079712519052e+02
1.770420694351196289e+01 1.523996003787246138e+02 2.065848079712519052e+02
1.773201489448547363e+01 1.519242980300978445e+02 2.065848079712519052e+02
1.776489400863647461e+01 1.516272997993873730e+02 2.065848079712519052e+02
1.779810953140258789e+01 1.514575367485073798e+02 2.065848079712519052e+02
1.783155965805053711e+01 1.511340139773506337e+02 2.065848079712519052e+02
1.786491274833679199e+01 1.507441199305309567e+02 2.065848079712519052e+02
1.790091395378112793e+01 1.497619617292510839e+02 2.065848079712519052e+02
1.793739390373229980e+01 1.507799455401442401e+02 2.065848079712519052e+02
1.796508026123046875e+01 1.509895125253439403e+02 2.065848079712519052e+02
1.799834585189819336e+01 1.508871462245063526e+02 2.065848079712519052e+02
1.803161597251892090e+01 1.516242818107717767e+02 2.065848079712519052e+02
1.806881046295166016e+01 1.522622854288503333e+02 2.065848079712519052e+02
1.809819197654724121e+01 1.532555261445154713e+02 2.065848079712519052e+02
1.813159465789794922e+01 1.543631984176655862e+02 2.065848079712519052e+02
1.816757988929748535e+01 1.555950974021212403e+02 2.065848079712519052e+02
1.819923400878906250e+01 1.567818209928605597e+02 2.065848079712519052e+02
1.823150444030761719e+01 1.581529038648536414e+02 2.065848079712519052e+02
1.826491284370422363e+01 1.592558084811656443e+02 2.065848079712519052e+02
1.829818916320800781e+01 1.605244075373604744e+02 2.065848079712519052e+02
1.833176493644714355e+01 1.614726570362489042e+02 2.065848079712519052e+02
1.836769795417785645e+01 1.621094605656930696e+02 2.065848079712519052e+02
1.840424919128417969e+01 1.634400447004231296e+02 2.065848079712519052e+02
1.843254160881042480e+01 1.642863694396042433e+02 2.065848079712519052e+02
1.846510839462280273e+01 1.653078311956793698e+02 2.065848079712519052e+02
1.849808096885681152e+01 1.659172633942632729e+02 2.065848079712519052e+02
1.853388285636901855e+01 1.668819867700023281e+02 2.065848079712519052e+02
1.859937572479248047e+01 1.644017140966934960e+02 2.065848079712519052e+02
1.860097336769104004e+01 1.674886977748219863e+02 2.065848079712519052e+02
1.863151049613952637e+01 1.677161048344097196e+02 2.065848079712519052e+02
1.866495466232299805e+01 1.677938018744997350e+02 2.065848079712519052e+02
1.870395231246948242e+01 1.674342951034360851e+02 2.065848079712519052e+02
1.873194169998168945e+01 1.657434932238713827e+02 2.065848079712519052e+02
1.876515698432922363e+01 1.650065437154107428e+02 2.065848079712519052e+02
1.879855465888977051e+01 1.635699301447226048e+02 2.065848079712519052e+02
1.883165788650512695e+01 1.626672995796153316e+02 2.065848079712519052e+02
1.886476516723632812e+01 1.612296766210696717e+02 2.065848079712519052e+02
1.890379643440246582e+01 1.604270738166539729e+02 2.065848079712519052e+02
1.893416476249694824e+01 1.597322130250090311e+02 2.065848079712519052e+02
1.896480631828308105e+01 1.597996011732263923e+02 2.065848079712519052e+02
1.899804210662841797e+01 1.603069384510172029e+02 2.065848079712519052e+02
1.903157377243041992e+01 1.605875344156611675e+02 2.065848079712519052e+02
1.906504440307617188e+01 1.606669609638037457e+02 2.065848079712519052e+02
1.910165381431579590e+01 1.616782982389712799e+02 2.065848079712519052e+02
1.913730978965759277e+01 1.628077440195303893e+02 2.065848079712519052e+02
1.916454076766967773e+01 1.642993152606922820e+02 2.065848079712519052e+02
1.919808912277221680e+01 1.661352433327346318e+02 2.065848079712519052e+02
1.923179292678833008e+01 1.679619039176587023e+02 2.065848079712519052e+02
1.926514792442321777e+01 1.693505629157206442e+02 2.065848079712519052e+02
1.929818582534790039e+01 1.715476165955010686e+02 2.065848079712519052e+02
1.933729743957519531e+01 1.733145855316811037e+02 2.065848079712519052e+02
1.937050342559814453e+01 1.749400340032656231e+02 2.065848079712519052e+02
1.939914417266845703e+01 1.760848809668701449e+02 2.065848079712519052e+02
1.943159103393554688e+01 1.773208381494033574e+02 2.065848079712519052e+02
1.946484351158142090e+01 1.788381736749764457e+02 2.065848079712519052e+02
1.949820017814636230e+01 1.789211260792050098e+02 2.065848079712519052e+02
1.953420138359069824e+01 1.792512024551057550e+02 2.065848079712519052e+02
1.957079815864562988e+01 1.801157088477448838e+02 2.065848079712519052e+02
1.960081720352172852e+01 1.801148025190102260e+02 2.065848079712519052e+02
1.963162016868591309e+01 1.803315058714746328e+02 2.065848079712519052e+02
1.966490292549133301e+01 1.802470386684984760e+02 2.065848079712519052e+02
1.970171594619750977e+01 1.800812072215470607e+02 2.065848079712519052e+02
1.973418569564819336e+01 1.793860900414158550e+02 2.065848079712519052e+02
1.976501607894897461e+01 1.784887991454531857e+02 2.065848079712519052e+02
1.979907751083374023e+01 1.771291305049304867e+02 2.065848079712519052e+02
1.983244705200195312e+01 1.764741689906905151e+02 2.065848079712519052e+02
1.987089109420776367e+01 1.758100173473661414e+02 2.065848079712519052e+02
1.989866375923156738e+01 1.750781364402833162e+02 2.065848079712519052e+02
1.993172812461853027e+01 1.742303857376362828e+02 2.065848079712519052e+02
1.996473455429077148e+01 1.747375620562227709e+02 2.065848079712519052e+02
1.999817347526550293e+01 1.741154533711172121e+02 2.065848079712519052e+02
2.003151202201843262e+01 1.741514952703708445e+02 2.065848079712519052e+02
2.007134127616882324e+01 1.744325147512493857e+02 2.065848079712519052e+02
2.010229945182800293e+01 1.746823196617907570e+02 2.065848079712519052e+02
2.013151001930236816e+01 1.748016910580377044e+02 2.065848079712519052e+02
2.016480994224548340e+01 1.751255745179254006e+02 2.065848079712519052e+02
2.020240759849548340e+01 1.758917294400174853e+02 2.065848079712519052e+02
2.023149847984313965e+01 1.765151239540897734e+02 2.065848079712519052e+02
2.026461958885192871e+01 1.770454595748509803e+02 2.065848079712519052e+02
2.029817032814025879e+01 1.778318610983100143e+02 2.065848079712519052e+02
2.033153223991394043e+01 1.789436526909496763e+02 2.065848079712519052e+02
2.036691761016845703e+01 1.800181281176309369e+02 2.065848079712519052e+02
2.040252900123596191e+01 1.810928760745636623e+02 2.065848079712519052e+02
2.046471261978149414e+01 1.797614522290516277e+02 2.065848079712519052e+02
2.046640300750732422e+01 1.823926918443740135e+02 2.065848079712519052e+02
2.049831342697143555e+01 1.831417746118152365e+02 2.065848079712519052e+02
2.053184795379638672e+01 1.842731926075514650e+02 2.065848079712519052e+02
2.056486344337463379e+01 1.838770467414564678e+02 2.065848079712519052e+02
2.059838509559631348e+01 1.838547112745572178e+02 2.065848079712519052e+02
2.063710856437683105e+01 1.834975499049208452e+02 2.065848079712519052e+02
2.066723299026489258e+01 1.828112232064735565e+02 2.065848079712519052e+02
2.069829201698303223e+01 1.814621539202793770e+02 2.065848079712519052e+02
2.073147916793823242e+01 1.810278749521694692e+02 2.065848079712519052e+02
2.076462817192077637e+01 1.800509972853163561e+02 2.065848079712519052e+02
2.080292582511901855e+01 1.797636198477247262e+02 2.065848079712519052e+02
2.083183717727661133e+01 1.792416307905067185e+02 2.065848079712519052e+02
2.086502051353454590e+01 1.790838686825325397e+02 2.065848079712519052e+02
2.089858365058898926e+01 1.790152755491834569e+02 2.065848079712519052e+02
2.093160128593444824e+01 1.792826005648496164e+02 2.065848079712519052e+02
2.096475934982299805e+01 1.795530202456747020e+02 2.065848079712519052e+02
2.100378298759460449e+01 1.803158741407358718e+02 2.065848079712519052e+02
2.103631043434143066e+01 1.810120786377927971e+02 2.065848079712519052e+02
2.106484174728393555e+01 1.821610721474871752e+02 2.065848079712519052e+02
2.109813976287841797e+01 1.837103413863937362e+02 2.065848079712519052e+02
2.113148260116577148e+01 1.846022962827901495e+02 2.065848079712519052e+02
2.116479396820068359e+01 1.859106402466578345e+02 2.065848079712519052e+02
2.119803786277770996e+01 1.873011240943810094e+02 2.065848079712519052e+02
2.123749065399169922e+01 1.886660841390914243e+02 2.065848079712519052e+02
2.126578783988952637e+01 1.901126987154640915e+02 2.065848079712519052e+02
2.129818463325500488e+01 1.909186743671796762e+02 2.065848079712519052e+02
2.133135199546813965e+01 1.919660700441228585e+02 2.065848079712519052e+02
2.136489605903625488e+01 1.926326473165691198e+02 2.065848079712519052e+02
2.139811754226684570e+01 1.930589309075341760e+02 2.065848079712519052e+02
2.143705415725708008e+01 1.935799186799518736e+02 2.065848079712519052e+02
2.146472930908203125e+01 1.931363225301393243e+02 2.065848079712519052e+02
2.149807286262512207e+01 1.933745574437602386e+02 2.065848079712519052e+02
2.153146290779113770e+01 1.929788916696952299e+02 2.065848079712519052e+02
2.156748127937316895e+01 1.924528870919353096e+02 2.065848079712519052e+02
2.159966087341308594e+01 1.922068973754348917e+02 2.065848079712519052e+02
2.163145470619201660e+01 1.917519651581800417e+02 2.065848079712519052e+02
2.166492295265197754e+01 1.915825148640007285e+02 2.065848079712519052e+02
2.169822788238525391e+01 1.908508374488553443e+02 2.065848079712519052e+02
2.173136854171752930e+01 1.902489438301867892e+02 2.065848079712519052e+02
2.177061629295349121e+01 1.901183519650006133e+02 2.065848079712519052e+02
2.180433988571166992e+01 1.894676125942571048e+02 2.065848079712519052e+02
2.183236336708068848e+01 1.892272655780175512e+02 2.065848079712519052e+02
2.186469507217407227e+01 1.887094971020020466e+02 2.065848079712519052e+02
2.189793395996093750e+01 1.880751936282849215e+02 2.065848079712519052e+02
2.193703079223632812e+01 1.877514206394818643e+02 2.065848079712519052e+02
2.200209736824035645e+01 1.853728924541160836e+02 2.065848079712519052e+02
2.200360345840454102e+01 1.866117397628665913e+02 2.065848079712519052e+02
2.203172993659973145e+01 1.868360726061328023e+02 2.065848079712519052e+02
2.206478381156921387e+01 1.859059225782842475e+02 2.065848079712519052e+02
