7.469201087951660156e-02 5.419840172974806691e+00 1.005359208717616980e+03
1.082088947296142578e-01 5.634474400109627190e+00 1.005359208717616980e+03
1.415820121765136719e-01 5.878965376643329854e+00 1.005359208717616980e+03
1.748831272125244141e-01 5.348534599603939732e+00 1.005359208717616980e+03
2.124280929565429688e-01 5.520762224073127555e+00 1.005359208717616980e+03
2.442636489868164062e-01 6.354163400058116196e+00 1.005359208717616980e+03
2.813851833343505859e-01 8.580913525425595267e+00 1.005359208717616980e+03
3.102066516876220703e-01 1.354413244286413587e+01 1.005359208717616980e+03
3.416297435760498047e-01 2.130650412073920918e+01 1.005359208717616980e+03
3.750574588775634766e-01 3.225145029215335768e+01 1.005359208717616980e+03
4.124052524566650391e-01 4.504802210902183646e+01 1.005359208717616980e+03
4.421174526214599609e-01 5.993653939809939146e+01 1.005359208717616980e+03
4.749763011932373047e-01 7.547961793266357233e+01 1.005359208717616980e+03
5.080857276916503906e-01 9.358253917690335300e+01 1.005359208717616980e+03
5.416343212127685547e-01 1.131680996876244478e+02 1.005359208717616980e+03
5.749990940093994141e-01 1.349267331996060761e+02 1.005359208717616980e+03
6.127066612243652344e-01 1.586635319513120805e+02 1.005359208717616980e+03
6.478765010833740234e-01 1.847317309249127391e+02 1.005359208717616980e+03
6.755366325378417969e-01 2.142808147809178081e+02 1.005359208717616980e+03
7.084479331970214844e-01 2.446741770489752241e+02 1.005359208717616980e+03
7.421143054962158203e-01 2.773991900511202857e+02 1.005359208717616980e+03
7.749178409576416016e-01 3.117226147072149729e+02 1.005359208717616980e+03
8.081924915313720703e-01 3.483242642581028008e+02 1.005359208717616980e+03
8.466401100158691406e-01 3.863989233831190973e+02 1.005359208717616980e+03
8.800418376922607422e-01 4.265833992311223710e+02 1.005359208717616980e+03
9.087100028991699219e-01 4.689977066960318552e+02 1.005359208717616980e+03
9.416382312774658203e-01 5.122325348734103727e+02 1.005359208717616980e+03
9.749794006347656250e-01 5.570023247929184436e+02 1.005359208717616980e+03
1.008526563644409180e+00 6.026487901945183694e+02 1.005359208717616980e+03
1.041627883911132812e+00 6.478124201759335392e+02 1.005359208717616980e+03
1.079278707504272461e+00 6.917350535133215317e+02 1.005359208717616980e+03
1.114920854568481445e+00 7.343801390421521091e+02 1.005359208717616980e+03
1.141735315322875977e+00 7.754767591524076806e+02 1.005359208717616980e+03
1.174980401992797852e+00 8.131467729496798711e+02 1.005359208717616980e+03
1.208181142807006836e+00 8.487896098844013295e+02 1.005359208717616980e+03
1.242624282836914062e+00 8.816831227562263393e+02 1.005359208717616980e+03
1.275541067123413086e+00 9.118697864235945190e+02 1.005359208717616980e+03
1.314677238464355469e+00 9.394022299972191377e+02 1.005359208717616980e+03
1.343300819396972656e+00 9.647615845733404285e+02 1.005359208717616980e+03
1.375048875808715820e+00 9.872319495089629982e+02 1.005359208717616980e+03
1.408305168151855469e+00 1.007214759373283300e+03 1.005359208717616980e+03
1.441504240036010742e+00 1.024661284674448098e+03 1.005359208717616980e+03
1.474756002426147461e+00 1.040227147127116268e+03 1.005359208717616980e+03
1.514096498489379883e+00 1.052665673705652580e+03 1.005359208717616980e+03
1.541600942611694336e+00 1.062996321205464938e+03 1.005359208717616980e+03
1.575721979141235352e+00 1.071098929183408927e+03 1.005359208717616980e+03
1.608265399932861328e+00 1.076700589224147961e+03 1.005359208717616980e+03
1.641985654830932617e+00 1.080217070168686860e+03 1.005359208717616980e+03
1.675008773803710938e+00 1.081414853481504906e+03 1.005359208717616980e+03
1.710464239120483398e+00 1.080551855473365322e+03 1.005359208717616980e+03
1.743124723434448242e+00 1.077131396635580359e+03 1.005359208717616980e+03
1.775006532669067383e+00 1.072313107481514635e+03 1.005359208717616980e+03
1.808103799819946289e+00 1.064876637595955572e+03 1.005359208717616980e+03
1.844067096710205078e+00 1.055349674964243150e+03 1.005359208717616980e+03
1.875002384185791016e+00 1.043646177026085525e+03 1.005359208717616980e+03
1.908287525177001953e+00 1.030100734957322175e+03 1.005359208717616980e+03
1.945072889328002930e+00 1.014646558855383773e+03 1.005359208717616980e+03
1.975902318954467773e+00 9.971358780363889309e+02 1.005359208717616980e+03
2.008381128311157227e+00 9.775723130224713486e+02 1.005359208717616980e+03
2.041751384735107422e+00 9.557856976398064717e+02 1.005359208717616980e+03
2.077180147171020508e+00 9.324035731458631062e+02 1.005359208717616980e+03
2.108240842819213867e+00 9.066349181827051780e+02 1.005359208717616980e+03
2.141899347305297852e+00 8.791883463275667054e+02 1.005359208717616980e+03
2.176864624023437500e+00 8.500465587458118080e+02 1.005359208717616980e+03
2.208350419998168945e+00 8.198181534692866990e+02 1.005359208717616980e+03
2.241852283477783203e+00 7.892613176877242722e+02 1.005359208717616980e+03
2.276851654052734375e+00 7.586342709333890753e+02 1.005359208717616980e+03
2.308762788772583008e+00 7.289232515891632147e+02 1.005359208717616980e+03
2.341647624969482422e+00 7.012254992138149419e+02 1.005359208717616980e+03
2.374981403350830078e+00 6.757958869232531924e+02 1.005359208717616980e+03
2.408400535583496094e+00 6.526710147220832141e+02 1.005359208717616980e+03
2.441546201705932617e+00 6.319792255373372427e+02 1.005359208717616980e+03
2.477345466613769531e+00 6.145961076744264346e+02 1.005359208717616980e+03
2.514026641845703125e+00 5.998017061039498685e+02 1.005359208717616980e+03
2.541996240615844727e+00 5.877907934140209818e+02 1.005359208717616980e+03
2.575181007385253906e+00 5.787723727109047331e+02 1.005359208717616980e+03
2.608952760696411133e+00 5.721884990384351113e+02 1.005359208717616980e+03
2.641706466674804688e+00 5.683159678280536582e+02 1.005359208717616980e+03
2.675035238265991211e+00 5.672488811636236505e+02 1.005359208717616980e+03
2.708295106887817383e+00 5.685138454823753591e+02 1.005359208717616980e+03
2.744194269180297852e+00 5.725088981819584433e+02 1.005359208717616980e+03
2.777366161346435547e+00 5.789335986189661298e+02 1.005359208717616980e+03
2.808112144470214844e+00 5.882708814025012316e+02 1.005359208717616980e+03
2.847352743148803711e+00 6.001575125113262175e+02 1.005359208717616980e+03
2.875149726867675781e+00 6.144101701113935405e+02 1.005359208717616980e+03
2.908394575119018555e+00 6.308636021404271332e+02 1.005359208717616980e+03
2.941581726074218750e+00 6.496558532252596478e+02 1.005359208717616980e+03
2.974861145019531250e+00 6.715424116318260985e+02 1.005359208717616980e+03
3.011410951614379883e+00 6.940959795747787666e+02 1.005359208717616980e+03
3.048383951187133789e+00 7.189757577542286526e+02 1.005359208717616980e+03
3.077547788619995117e+00 7.449610600496987445e+02 1.005359208717616980e+03
3.108924388885498047e+00 7.716827592113119181e+02 1.005359208717616980e+03
3.141685485839843750e+00 7.985823076064496036e+02 1.005359208717616980e+03
3.178589105606079102e+00 8.246002986893041680e+02 1.005359208717616980e+03
3.214272022247314453e+00 8.495893930713998543e+02 1.005359208717616980e+03
3.241382122039794922e+00 8.725226376119045426e+02 1.005359208717616980e+03
3.275028467178344727e+00 8.933207949699599340e+02 1.005359208717616980e+03
3.308503866195678711e+00 9.117045224592604882e+02 1.005359208717616980e+03
3.341876268386840820e+00 9.283535249396825293e+02 1.005359208717616980e+03
3.375038146972656250e+00 9.423685922122753027e+02 1.005359208717616980e+03
3.408403873443603516e+00 9.543182116179991681e+02 1.005359208717616980e+03
3.443831920623779297e+00 9.638076265036747827e+02 1.005359208717616980e+03
3.478660583496093750e+00 9.713796769465867555e+02 1.005359208717616980e+03
3.508492231369018555e+00 9.761917757530917470e+02 1.005359208717616980e+03
3.542171716690063477e+00 9.789244998098367887e+02 1.005359208717616980e+03
3.577361345291137695e+00 9.796156756160322630e+02 1.005359208717616980e+03
3.608466863632202148e+00 9.779673392670016483e+02 1.005359208717616980e+03
3.642618417739868164e+00 9.744844404154904396e+02 1.005359208717616980e+03
3.675018310546875000e+00 9.688227642204860786e+02 1.005359208717616980e+03
3.712931632995605469e+00 9.610663306995950279e+02 1.005359208717616980e+03
3.743055105209350586e+00 9.512641757933871531e+02 1.005359208717616980e+03
3.774926900863647461e+00 9.393852923056122108e+02 1.005359208717616980e+03
3.808594465255737305e+00 9.257812286292038380e+02 1.005359208717616980e+03
3.847619533538818359e+00 9.103680918753677815e+02 1.005359208717616980e+03
3.876022338867187500e+00 8.937259442406382277e+02 1.005359208717616980e+03
3.908351182937622070e+00 8.760200507106874284e+02 1.005359208717616980e+03
3.941811800003051758e+00 8.583234110374119155e+02 1.005359208717616980e+03
3.977354049682617188e+00 8.405719263439156066e+02 1.005359208717616980e+03
4.008389711380004883e+00 8.237016841046706759e+02 1.005359208717616980e+03
4.041852712631225586e+00 8.082234407064147490e+02 1.005359208717616980e+03
4.075389623641967773e+00 7.942062842253787949e+02 1.005359208717616980e+03
4.108368158340454102e+00 7.819694660062561979e+02 1.005359208717616980e+03
4.142193317413330078e+00 7.721319806422615102e+02 1.005359208717616980e+03
4.210305690765380859e+00 7.643159521569955359e+02 1.005359208717616980e+03
4.211879491806030273e+00 7.607989268176871747e+02 1.005359208717616980e+03
4.242367029190063477e+00 7.586435257372947945e+02 1.005359208717616980e+03
4.275893211364746094e+00 7.589860068493605922e+02 1.005359208717616980e+03
4.308425426483154297e+00 7.618983654684418525e+02 1.005359208717616980e+03
4.341894388198852539e+00 7.673782812038199381e+02 1.005359208717616980e+03
4.379107475280761719e+00 7.752872063976988102e+02 1.005359208717616980e+03
4.414895057678222656e+00 7.851088880216173038e+02 1.005359208717616980e+03
4.442100286483764648e+00 7.965943005967045565e+02 1.005359208717616980e+03
4.475078105926513672e+00 8.097421643567806768e+02 1.005359208717616980e+03
4.508488178253173828e+00 8.241204215483147664e+02 1.005359208717616980e+03
4.544555425643920898e+00 8.392853495378326443e+02 1.005359208717616980e+03
4.575043678283691406e+00 8.546888794538884895e+02 1.005359208717616980e+03
4.608524322509765625e+00 8.700351681005415685e+02 1.005359208717616980e+03
4.641698598861694336e+00 8.849548867368009724e+02 1.005359208717616980e+03
4.674990415573120117e+00 8.987985654524961774e+02 1.005359208717616980e+03
4.711997985839843750e+00 9.112715027072222256e+02 1.005359208717616980e+03
4.747603416442871094e+00 9.223787784913733958e+02 1.005359208717616980e+03
4.774977207183837891e+00 9.315325491532869364e+02 1.005359208717616980e+03
4.809231042861938477e+00 9.388090404051349651e+02 1.005359208717616980e+03
4.841787576675415039e+00 9.440573086407155188e+02 1.005359208717616980e+03
4.875040531158447266e+00 9.468348639262425195e+02 1.005359208717616980e+03
4.908204317092895508e+00 9.477290432965071432e+02 1.005359208717616980e+03
4.948114395141601562e+00 9.464838093875546292e+02 1.005359208717616980e+03
4.980023145675659180e+00 9.435776108553661743e+02 1.005359208717616980e+03
5.008913040161132812e+00 9.388249003761242193e+02 1.005359208717616980e+03
5.041833877563476562e+00 9.320258188180233674e+02 1.005359208717616980e+03
5.075689315795898438e+00 9.247791669309586950e+02 1.005359208717616980e+03
5.108940362930297852e+00 9.162759656338312197e+02 1.005359208717616980e+03
5.144715309143066406e+00 9.070733248470406807e+02 1.005359208717616980e+03
5.212625503540039062e+00 8.959868329822764963e+02 1.005359208717616980e+03
5.214069366455078125e+00 8.885516869847427870e+02 1.005359208717616980e+03
5.242056369781494141e+00 8.792655496110052127e+02 1.005359208717616980e+03
5.275152683258056641e+00 8.709201173981024340e+02 1.005359208717616980e+03
5.308615207672119141e+00 8.632164745718665699e+02 1.005359208717616980e+03
5.348023414611816406e+00 8.559352358240037120e+02 1.005359208717616980e+03
5.381899356842041016e+00 8.500313065104746784e+02 1.005359208717616980e+03
5.409225463867187500e+00 8.451446158852745612e+02 1.005359208717616980e+03
5.442148923873901367e+00 8.424168496548290932e+02 1.005359208717616980e+03
5.475492715835571289e+00 8.408274127378318781e+02 1.005359208717616980e+03
5.514284133911132812e+00 8.411308282725565277e+02 1.005359208717616980e+03
5.541833877563476562e+00 8.428261024578090428e+02 1.005359208717616980e+03
5.575219392776489258e+00 8.466483289036599444e+02 1.005359208717616980e+03
5.608771324157714844e+00 8.515412822557369736e+02 1.005359208717616980e+03
5.641860246658325195e+00 8.576959669216546445e+02 1.005359208717616980e+03
5.675140857696533203e+00 8.652786159402571684e+02 1.005359208717616980e+03
5.714283227920532227e+00 8.736421537561883497e+02 1.005359208717616980e+03
5.743803024291992188e+00 8.822670919842375952e+02 1.005359208717616980e+03
5.774996042251586914e+00 8.920953079746984713e+02 1.005359208717616980e+03
5.808541536331176758e+00 9.015122910212363649e+02 1.005359208717616980e+03
5.841637134552001953e+00 9.106164555825729394e+02 1.005359208717616980e+03
5.875471115112304688e+00 9.199220271844834542e+02 1.005359208717616980e+03
5.912320613861083984e+00 9.282143231007904660e+02 1.005359208717616980e+03
5.947770833969116211e+00 9.354530363747093133e+02 1.005359208717616980e+03
5.975221157073974609e+00 9.420331427691658064e+02 1.005359208717616980e+03
6.008594989776611328e+00 9.472590978915857249e+02 1.005359208717616980e+03
6.042102336883544922e+00 9.513343452303270169e+02 1.005359208717616980e+03
6.075196981430053711e+00 9.539121515900312716e+02 1.005359208717616980e+03
6.108362436294555664e+00 9.552138957551532030e+02 1.005359208717616980e+03
6.147731304168701172e+00 9.554136390340669323e+02 1.005359208717616980e+03
6.177272319793701172e+00 9.546407443494281324e+02 1.005359208717616980e+03
6.208646774291992188e+00 9.522888819338893427e+02 1.005359208717616980e+03
6.241756200790405273e+00 9.487839953636319024e+02 1.005359208717616980e+03
6.275138854980468750e+00 9.447792836354698238e+02 1.005359208717616980e+03
6.308498620986938477e+00 9.400899768221779595e+02 1.005359208717616980e+03
6.344767093658447266e+00 9.347691546080734497e+02 1.005359208717616980e+03
6.381442546844482422e+00 9.299602946493894251e+02 1.005359208717616980e+03
6.408231735229492188e+00 9.244733362155631085e+02 1.005359208717616980e+03
6.441843032836914062e+00 9.190152547346526717e+02 1.005359208717616980e+03
6.475356817245483398e+00 9.138041950644147846e+02 1.005359208717616980e+03
6.514742136001586914e+00 9.100442604932050017e+02 1.005359208717616980e+03
6.543657064437866211e+00 9.060000508057670459e+02 1.005359208717616980e+03
6.575090646743774414e+00 9.028564801613734971e+02 1.005359208717616980e+03
6.608499526977539062e+00 9.009350130763201605e+02 1.005359208717616980e+03
6.641804695129394531e+00 8.997615941918733142e+02 1.005359208717616980e+03
6.675287723541259766e+00 8.994316032303236170e+02 1.005359208717616980e+03
6.712322235107421875e+00 9.000569008853057085e+02 1.005359208717616980e+03
6.748625040054321289e+00 9.011714693928270208e+02 1.005359208717616980e+03
6.777328491210937500e+00 9.038193979239264308e+02 1.005359208717616980e+03
6.808457136154174805e+00 9.070220790741275323e+02 1.005359208717616980e+03
6.842198610305786133e+00 9.103371324199673609e+02 1.005359208717616980e+03
6.875092983245849609e+00 9.146329494279563050e+02 1.005359208717616980e+03
6.908469200134277344e+00 9.191115594841164693e+02 1.005359208717616980e+03
6.941826343536376953e+00 9.240942143002268949e+02 1.005359208717616980e+03
6.981551647186279297e+00 9.293283808051639880e+02 1.005359208717616980e+03
7.008738994598388672e+00 9.341758770484053684e+02 1.005359208717616980e+03
7.041991233825683594e+00 9.392354715754009931e+02 1.005359208717616980e+03
7.075146913528442383e+00 9.440372697464690646e+02 1.005359208717616980e+03
7.110347032546997070e+00 9.479867537055046114e+02 1.005359208717616980e+03
7.142022609710693359e+00 9.522265843754179286e+02 1.005359208717616980e+03
7.175379753112792969e+00 9.550043630501693315e+02 1.005359208717616980e+03
7.208523750305175781e+00 9.575908720831630490e+02 1.005359208717616980e+03
7.241863489151000977e+00 9.595227905789365650e+02 1.005359208717616980e+03
7.278822183609008789e+00 9.606999198951414201e+02 1.005359208717616980e+03
7.314492702484130859e+00 9.614512444007225440e+02 1.005359208717616980e+03
7.342414379119873047e+00 9.611435023391718460e+02 1.005359208717616980e+03
7.375198125839233398e+00 9.605665961155546029e+02 1.005359208717616980e+03
7.408649444580078125e+00 9.589887089437006580e+02 1.005359208717616980e+03
7.442003488540649414e+00 9.572658443805270281e+02 1.005359208717616980e+03
7.478586673736572266e+00 9.552194016146620470e+02 1.005359208717616980e+03
7.514580249786376953e+00 9.527548732111168874e+02 1.005359208717616980e+03
7.541743993759155273e+00 9.504054764919816307e+02 1.005359208717616980e+03
7.575431823730468750e+00 9.478355721750893963e+02 1.005359208717616980e+03
7.608670473098754883e+00 9.449816439746277865e+02 1.005359208717616980e+03
7.641947031021118164e+00 9.423824778398408171e+02 1.005359208717616980e+03
7.675294399261474609e+00 9.401312324213042757e+02 1.005359208717616980e+03
7.714596033096313477e+00 9.380263172442707855e+02 1.005359208717616980e+03
7.745770931243896484e+00 9.365314432476903903e+02 1.005359208717616980e+03
7.775440931320190430e+00 9.352080998107848018e+02 1.005359208717616980e+03
7.808822631835937500e+00 9.338053850661160595e+02 1.005359208717616980e+03
7.842154264450073242e+00 9.336103178847230311e+02 1.005359208717616980e+03
7.881345510482788086e+00 9.335587361762303544e+02 1.005359208717616980e+03
7.908770322799682617e+00 9.343146882429510924e+02 1.005359208717616980e+03
7.941920995712280273e+00 9.350490291791843447e+02 1.005359208717616980e+03
7.975537776947021484e+00 9.365275566406680809e+02 1.005359208717616980e+03
8.011856555938720703e+00 9.383876931576164679e+02 1.005359208717616980e+03
8.042504310607910156e+00 9.402404222158155562e+02 1.005359208717616980e+03
8.075267791748046875e+00 9.427755783842060282e+02 1.005359208717616980e+03
8.108788728713989258e+00 9.455013663389005387e+02 1.005359208717616980e+03
8.145705461502075195e+00 9.480599320078679284e+02 1.005359208717616980e+03
8.175398349761962891e+00 9.509436820597391034e+02 1.005359208717616980e+03
8.208580017089843750e+00 9.537965736714339755e+02 1.005359208717616980e+03
8.241899967193603516e+00 9.562365104934359579e+02 1.005359208717616980e+03
8.275048255920410156e+00 9.587111793031373281e+02 1.005359208717616980e+03
8.308562755584716797e+00 9.611039741948811752e+02 1.005359208717616980e+03
8.347852945327758789e+00 9.630575031740569329e+02 1.005359208717616980e+03
8.378014802932739258e+00 9.645068656281498534e+02 1.005359208717616980e+03
8.408585071563720703e+00 9.660615409279930645e+02 1.005359208717616980e+03
8.442020177841186523e+00 9.671305650427403862e+02 1.005359208717616980e+03
8.475121498107910156e+00 9.676434622511328598e+02 1.005359208717616980e+03
8.513008832931518555e+00 9.679764030873541287e+02 1.005359208717616980e+03
8.542588472366333008e+00 9.679875521567181522e+02 1.005359208717616980e+03
8.575273036956787109e+00 9.675089003240389047e+02 1.005359208717616980e+03
8.608897209167480469e+00 9.669862244166638447e+02 1.005359208717616980e+03
8.643366813659667969e+00 9.661539646680646456e+02 1.005359208717616980e+03
8.675397872924804688e+00 9.652339113979500098e+02 1.005359208717616980e+03
8.708501100540161133e+00 9.638131615680440518e+02 1.005359208717616980e+03
8.742267131805419922e+00 9.625579396188697956e+02 1.005359208717616980e+03
8.775401830673217773e+00 9.614867052983044005e+02 1.005359208717616980e+03
8.811803102493286133e+00 9.600489089592463188e+02 1.005359208717616980e+03
8.848112106323242188e+00 9.589387088975225879e+02 1.005359208717616980e+03
8.875193357467651367e+00 9.577160426348003739e+02 1.005359208717616980e+03
8.908550977706909180e+00 9.570198284013263219e+02 1.005359208717616980e+03
8.942960977554321289e+00 9.559833127466866927e+02 1.005359208717616980e+03
9.008198499679565430e+00 9.538187611898202931e+02 1.005359208717616980e+03
9.009859561920166016e+00 9.550888887468920529e+02 1.005359208717616980e+03
9.041907310485839844e+00 9.550676659954107208e+02 1.005359208717616980e+03
9.077790737152099609e+00 9.552706261319380019e+02 1.005359208717616980e+03
9.110449314117431641e+00 9.554508735710396650e+02 1.005359208717616980e+03
9.142069578170776367e+00 9.551621397323091287e+02 1.005359208717616980e+03
9.175389289855957031e+00 9.549731346803521319e+02 1.005359208717616980e+03
9.208637952804565430e+00 9.551289744432515363e+02 1.005359208717616980e+03
9.242159843444824219e+00 9.550998115769984906e+02 1.005359208717616980e+03
9.275118589401245117e+00 9.550408496357679269e+02 1.005359208717616980e+03
9.314660549163818359e+00 9.556878185690648024e+02 1.005359208717616980e+03
9.341897726058959961e+00 9.566873332427624064e+02 1.005359208717616980e+03
9.375240564346313477e+00 9.578734875579488062e+02 1.005359208717616980e+03
9.408578872680664062e+00 9.592378604307012893e+02 1.005359208717616980e+03
9.443936586380004883e+00 9.613117198066702258e+02 1.005359208717616980e+03
9.475202083587646484e+00 9.629717563409279819e+02 1.005359208717616980e+03
9.509456396102905273e+00 9.651754391624411937e+02 1.005359208717616980e+03
9.542062759399414062e+00 9.671609275351015640e+02 1.005359208717616980e+03
9.575191974639892578e+00 9.696689464942812720e+02 1.005359208717616980e+03
9.614585876464843750e+00 9.714888320610508572e+02 1.005359208717616980e+03
9.647828578948974609e+00 9.738764703767733408e+02 1.005359208717616980e+03
9.675842761993408203e+00 9.754686864026087960e+02 1.005359208717616980e+03
9.708618402481079102e+00 9.773072621074203425e+02 1.005359208717616980e+03
9.742379188537597656e+00 9.787820825425321800e+02 1.005359208717616980e+03
9.775364637374877930e+00 9.799928802818344593e+02 1.005359208717616980e+03
9.808975458145141602e+00 9.807832138976659735e+02 1.005359208717616980e+03
9.846427679061889648e+00 9.816549484789570670e+02 1.005359208717616980e+03
9.879291534423828125e+00 9.820774756764776612e+02 1.005359208717616980e+03
9.908572196960449219e+00 9.822776619149756243e+02 1.005359208717616980e+03
9.942332983016967773e+00 9.821940052859682737e+02 1.005359208717616980e+03
9.975333452224731445e+00 9.820466387605620184e+02 1.005359208717616980e+03
1.000889396667480469e+01 9.814265899115348475e+02 2.053592087176169514e+02
1.004480314254760742e+01 9.808148784195748249e+02 2.053592087176169514e+02
1.008157181739807129e+01 9.795628713301420021e+02 2.053592087176169514e+02
1.010984301567077637e+01 9.773395405899310617e+02 2.053592087176169514e+02
1.014228415489196777e+01 9.736778660659999787e+02 2.053592087176169514e+02
1.017530822753906250e+01 9.682919402455805766e+02 2.053592087176169514e+02
1.020867252349853516e+01 9.614964748421579088e+02 2.053592087176169514e+02
1.024180340766906738e+01 9.525387160804845053e+02 2.053592087176169514e+02
1.027712917327880859e+01 9.413819158807120857e+02 2.053592087176169514e+02
1.031501030921936035e+01 9.286264335723603836e+02 2.053592087176169514e+02
1.034351634979248047e+01 9.135098783871350179e+02 2.053592087176169514e+02
1.037549567222595215e+01 8.967498332996970021e+02 2.053592087176169514e+02
1.040860486030578613e+01 8.782471527900715955e+02 2.053592087176169514e+02
1.044787836074829102e+01 8.575834245199029056e+02 2.053592087176169514e+02
1.047614026069641113e+01 8.356083561351072149e+02 2.053592087176169514e+02
1.050883769989013672e+01 8.114636973750677953e+02 2.053592087176169514e+02
1.054198932647705078e+01 7.852665819803157774e+02 2.053592087176169514e+02
1.057520866394042969e+01 7.577493735383147850e+02 2.053592087176169514e+02
1.060838174819946289e+01 7.279699218491012971e+02 2.053592087176169514e+02
1.064796924591064453e+01 6.967483222960327112e+02 2.053592087176169514e+02
1.067885661125183105e+01 6.637062487100971566e+02 2.053592087176169514e+02
1.070881819725036621e+01 6.287324248327860232e+02 2.053592087176169514e+02
1.074270319938659668e+01 5.922482130651258103e+02 2.053592087176169514e+02
1.077608585357666016e+01 5.536163375585356334e+02 2.053592087176169514e+02
1.080899167060852051e+01 5.132147655276099840e+02 2.053592087176169514e+02
1.084193325042724609e+01 4.709919169518278750e+02 2.053592087176169514e+02
1.087936377525329590e+01 4.268658116703724090e+02 2.053592087176169514e+02
1.091497349739074707e+01 3.812708727766965353e+02 2.053592087176169514e+02
1.094405102729797363e+01 3.343060023188442642e+02 2.053592087176169514e+02
1.097532272338867188e+01 2.849528009096576397e+02 2.053592087176169514e+02
1.100864601135253906e+01 2.339763313428094023e+02 2.053592087176169514e+02
1.104211997985839844e+01 1.826235467822254179e+02 2.053592087176169514e+02
1.107560706138610840e+01 1.307038389152681930e+02 2.053592087176169514e+02
1.110837626457214355e+01 7.858904059114938434e+01 2.053592087176169514e+02
1.114820289611816406e+01 3.028602324265913026e+01 2.053592087176169514e+02
1.120924282073974609e+01 3.294067153430952288e+01 2.053592087176169514e+02
1.124300909042358398e+01 6.473493364650585136e+01 2.053592087176169514e+02
1.127520561218261719e+01 8.704350169203438270e+01 2.053592087176169514e+02
1.130861067771911621e+01 1.128430920376098783e+02 2.053592087176169514e+02
1.134207701683044434e+01 1.361229945261264902e+02 2.053592087176169514e+02
1.137865829467773438e+01 1.584519215228011149e+02 2.053592087176169514e+02
1.141469979286193848e+01 1.797053904977566674e+02 2.053592087176169514e+02
1.144323778152465820e+01 1.979377957891927338e+02 2.053592087176169514e+02
1.147567248344421387e+01 2.146443256292977253e+02 2.053592087176169514e+02
1.150851368904113770e+01 2.297564332986001148e+02 2.053592087176169514e+02
1.154298067092895508e+01 2.424251960631918337e+02 2.053592087176169514e+02
1.157521986961364746e+01 2.534752156766824100e+02 2.053592087176169514e+02
1.160909605026245117e+01 2.619711664978350427e+02 2.053592087176169514e+02
1.164188861846923828e+01 2.686780558036095954e+02 2.053592087176169514e+02
1.167529344558715820e+01 2.737312362493333922e+02 2.053592087176169514e+02
1.171157026290893555e+01 2.766687041953406947e+02 2.053592087176169514e+02
1.174685049057006836e+01 2.782391459996491676e+02 2.053592087176169514e+02
1.177571249008178711e+01 2.771952765011526481e+02 2.053592087176169514e+02
1.180865168571472168e+01 2.745957394963425600e+02 2.053592087176169514e+02
1.184188461303710938e+01 2.703467689493364787e+02 2.053592087176169514e+02
1.187513446807861328e+01 2.646052553851132529e+02 2.053592087176169514e+02
1.191424536705017090e+01 2.555461693530980369e+02 2.053592087176169514e+02
1.194291138648986816e+01 2.468101864562856917e+02 2.053592087176169514e+02
1.197528672218322754e+01 2.355541270034556192e+02 2.053592087176169514e+02
1.200854134559631348e+01 2.220099671256079148e+02 2.053592087176169514e+02
1.204747581481933594e+01 2.071428846341967471e+02 2.053592087176169514e+02
1.207535076141357422e+01 1.908483452440407007e+02 2.053592087176169514e+02
1.210853624343872070e+01 1.717650143310798683e+02 2.053592087176169514e+02
1.214547228813171387e+01 1.514606219441533881e+02 2.053592087176169514e+02
1.217519712448120117e+01 1.298767520532545063e+02 2.053592087176169514e+02
1.220848464965820312e+01 1.080221291623183788e+02 2.053592087176169514e+02
1.224180269241333008e+01 8.481689904385331147e+01 2.053592087176169514e+02
1.227783560752868652e+01 6.270196935291347273e+01 2.053592087176169514e+02
1.230860519409179688e+01 4.181057116660370099e+01 2.053592087176169514e+02
1.234183669090270996e+01 2.241214602814829959e+01 2.053592087176169514e+02
1.237506723403930664e+01 6.557654044206863375e+00 2.053592087176169514e+02
1.240890192985534668e+01 1.310494570354464727e+01 2.053592087176169514e+02
1.244172573089599609e+01 2.466488303867632226e+01 2.053592087176169514e+02
1.248081922531127930e+01 3.881604673494343416e+01 2.053592087176169514e+02
1.250902414321899414e+01 5.457441702927050642e+01 2.053592087176169514e+02
1.254178071022033691e+01 7.155255588562111768e+01 2.053592087176169514e+02
1.257520866394042969e+01 8.810362961577490637e+01 2.053592087176169514e+02
1.261258602142333984e+01 1.037794409169837877e+02 2.053592087176169514e+02
1.264243197441101074e+01 1.177667580177285913e+02 2.053592087176169514e+02
1.267764258384704590e+01 1.303307632449367190e+02 2.053592087176169514e+02
1.270845150947570801e+01 1.403772968468465194e+02 2.053592087176169514e+02
1.274180722236633301e+01 1.493924877647000642e+02 2.053592087176169514e+02
1.277518463134765625e+01 1.560225651322935221e+02 2.053592087176169514e+02
1.280840396881103516e+01 1.610481205573282466e+02 2.053592087176169514e+02
1.284546780586242676e+01 1.638578067177227240e+02 2.053592087176169514e+02
1.290992045402526855e+01 1.606384206803097072e+02 2.053592087176169514e+02
1.291136884689331055e+01 1.625846162068616252e+02 2.053592087176169514e+02
1.294198632240295410e+01 1.610546805805755923e+02 2.053592087176169514e+02
1.297551131248474121e+01 1.565954909183150505e+02 2.053592087176169514e+02
1.301309227943420410e+01 1.501014757668679636e+02 2.053592087176169514e+02
1.304199647903442383e+01 1.421628905743284861e+02 2.053592087176169514e+02
1.307534193992614746e+01 1.324604396410308311e+02 2.053592087176169514e+02
1.310853314399719238e+01 1.217076840340512831e+02 2.053592087176169514e+02
1.314179778099060059e+01 1.094975773308523799e+02 2.053592087176169514e+02
1.317516231536865234e+01 9.640092369836820296e+01 2.053592087176169514e+02
1.321460413932800293e+01 8.438678543876942229e+01 2.053592087176169514e+02
1.324366354942321777e+01 7.236376266624479570e+01 2.053592087176169514e+02
1.327545642852783203e+01 6.098841395679237110e+01 2.053592087176169514e+02
1.330867338180541992e+01 5.063419469297124920e+01 2.053592087176169514e+02
1.334192156791687012e+01 4.370817502889971706e+01 2.053592087176169514e+02
1.337521839141845703e+01 3.867240322256279228e+01 2.053592087176169514e+02
1.341163468360900879e+01 3.604306046628172311e+01 2.053592087176169514e+02
1.344763898849487305e+01 3.537902186177162633e+01 2.053592087176169514e+02
1.347860813140869141e+01 3.741581452031637411e+01 2.053592087176169514e+02
1.350875329971313477e+01 4.251201322406060967e+01 2.053592087176169514e+02
1.354174327850341797e+01 5.020387489604534892e+01 2.053592087176169514e+02
1.357531595230102539e+01 5.881786496015983090e+01 2.053592087176169514e+02
1.360900235176086426e+01 6.914467332150825030e+01 2.053592087176169514e+02
1.364169001579284668e+01 7.927028971466491214e+01 2.053592087176169514e+02
1.368102097511291504e+01 9.017291095265632350e+01 2.053592087176169514e+02
1.371126317977905273e+01 1.001644476458263853e+02 2.053592087176169514e+02
1.374177074432373047e+01 1.096654055799496774e+02 2.053592087176169514e+02
1.377508616447448730e+01 1.193145062773316880e+02 2.053592087176169514e+02
1.380834054946899414e+01 1.270440983926880989e+02 2.053592087176169514e+02
1.384565711021423340e+01 1.332764088276252608e+02 2.053592087176169514e+02
1.388026475906372070e+01 1.377831507758281759e+02 2.053592087176169514e+02
1.390880417823791504e+01 1.405704881378959499e+02 2.053592087176169514e+02
1.394181871414184570e+01 1.422473916468603932e+02 2.053592087176169514e+02
1.397515130043029785e+01 1.423916325437187140e+02 2.053592087176169514e+02
1.400861525535583496e+01 1.409871087661850595e+02 2.053592087176169514e+02
1.404181170463562012e+01 1.378903222845172536e+02 2.053592087176169514e+02
1.408106946945190430e+01 1.335055458382080928e+02 2.053592087176169514e+02
1.411430191993713379e+01 1.287164477125283781e+02 2.053592087176169514e+02
1.414184617996215820e+01 1.239356769748729619e+02 2.053592087176169514e+02
1.417525792121887207e+01 1.175141176624210289e+02 2.053592087176169514e+02
1.420831727981567383e+01 1.118516697295151090e+02 2.053592087176169514e+02
1.424310994148254395e+01 1.067334072201334152e+02 2.053592087176169514e+02
1.427516293525695801e+01 1.018575985028448088e+02 2.053592087176169514e+02
1.430837130546569824e+01 9.635203618050717012e+01 2.053592087176169514e+02
1.434152603149414062e+01 9.255889192257855314e+01 2.053592087176169514e+02
1.437535119056701660e+01 8.991806675256998460e+01 2.053592087176169514e+02
1.440848207473754883e+01 8.715352338809658761e+01 2.053592087176169514e+02
1.444181728363037109e+01 8.537240089768526730e+01 2.053592087176169514e+02
1.447514772415161133e+01 8.493698502540827633e+01 2.053592087176169514e+02
1.450908923149108887e+01 8.587979928771444804e+01 2.053592087176169514e+02
1.454761195182800293e+01 8.768299876993438602e+01 2.053592087176169514e+02
1.458128571510314941e+01 9.077904424740953004e+01 2.053592087176169514e+02
1.460913491249084473e+01 9.419757661992998976e+01 2.053592087176169514e+02
1.464208126068115234e+01 9.788220987345039248e+01 2.053592087176169514e+02
1.467503190040588379e+01 1.030744247660179980e+02 2.053592087176169514e+02
1.470844316482543945e+01 1.078386324967417949e+02 2.053592087176169514e+02
1.474170684814453125e+01 1.134672260443791743e+02 2.053592087176169514e+02
1.477944493293762207e+01 1.187221921294694624e+02 2.053592087176169514e+02
1.481512689590454102e+01 1.241318371028316108e+02 2.053592087176169514e+02
1.484417438507080078e+01 1.291666760472903377e+02 2.053592087176169514e+02
1.487521886825561523e+01 1.334204008589842374e+02 2.053592087176169514e+02
1.490846037864685059e+01 1.371615990122271569e+02 2.053592087176169514e+02
1.494159197807312012e+01 1.403779496998785419e+02 2.053592087176169514e+02
1.498146963119506836e+01 1.432862494059255596e+02 2.053592087176169514e+02
1.501400327682495117e+01 1.450240053134768061e+02 2.053592087176169514e+02
1.504173302650451660e+01 1.461264915590536191e+02 2.053592087176169514e+02
1.507509970664978027e+01 1.463897975427740619e+02 2.053592087176169514e+02
1.510838317871093750e+01 1.462857798082721104e+02 2.053592087176169514e+02
1.514675903320312500e+01 1.453074807557035797e+02 2.053592087176169514e+02
1.517535138130187988e+01 1.444552472685302575e+02 2.053592087176169514e+02
1.520864129066467285e+01 1.425888225010772032e+02 2.053592087176169514e+02
1.524178528785705566e+01 1.401656157115203314e+02 2.053592087176169514e+02
1.527516484260559082e+01 1.388328332848560365e+02 2.053592087176169514e+02
1.530881643295288086e+01 1.359753147150121606e+02 2.053592087176169514e+02
1.534438920021057129e+01 1.333618700186959813e+02 2.053592087176169514e+02
1.538125896453857422e+01 1.311579192465655410e+02 2.053592087176169514e+02
1.540947842597961426e+01 1.293814125168862290e+02 2.053592087176169514e+02
1.544202160835266113e+01 1.269519611561083678e+02 2.053592087176169514e+02
1.547508168220520020e+01 1.251687265939847293e+02 2.053592087176169514e+02
1.551119041442871094e+01 1.247583204912238273e+02 2.053592087176169514e+02
1.554229474067687988e+01 1.240081809471109722e+02 2.053592087176169514e+02
1.557503581047058105e+01 1.240045500238890952e+02 2.053592087176169514e+02
1.560879611968994141e+01 1.241029896583379752e+02 2.053592087176169514e+02
1.564175391197204590e+01 1.252370899195673530e+02 2.053592087176169514e+02
1.567498850822448730e+01 1.262858404244002912e+02 2.053592087176169514e+02
1.571248126029968262e+01 1.277612862282228292e+02 2.053592087176169514e+02
1.574743938446044922e+01 1.302028480326096371e+02 2.053592087176169514e+02
1.577939772605895996e+01 1.322419758220684685e+02 2.053592087176169514e+02
1.580976200103759766e+01 1.350406855795407637e+02 2.053592087176169514e+02
1.584177494049072266e+01 1.376964239592378192e+02 2.053592087176169514e+02
1.587521123886108398e+01 1.400687003430891764e+02 2.053592087176169514e+02
1.591112780570983887e+01 1.423087346639452164e+02 2.053592087176169514e+02
1.594172525405883789e+01 1.452642022426907147e+02 2.053592087176169514e+02
1.597562932968139648e+01 1.474892718284500859e+02 2.053592087176169514e+02
1.600853776931762695e+01 1.489021306700217337e+02 2.053592087176169514e+02
1.604165935516357422e+01 1.512586082398252358e+02 2.053592087176169514e+02
1.607803392410278320e+01 1.532502551020624537e+02 2.053592087176169514e+02
1.611296415328979492e+01 1.540852998985332363e+02 2.053592087176169514e+02
1.614211678504943848e+01 1.551004614420690757e+02 2.053592087176169514e+02
1.617555189132690430e+01 1.555683874468578836e+02 2.053592087176169514e+02
1.620891523361206055e+01 1.559422943113423514e+02 2.053592087176169514e+02
1.624166178703308105e+01 1.554785320080241320e+02 2.053592087176169514e+02
1.627779722213745117e+01 1.553020036734146743e+02 2.053592087176169514e+02
1.631428837776184082e+01 1.544607201873940312e+02 2.053592087176169514e+02
1.634199237823486328e+01 1.534630025876413981e+02 2.053592087176169514e+02
1.637520170211791992e+01 1.527945878605305268e+02 2.053592087176169514e+02
1.640853834152221680e+01 1.516987827598877061e+02 2.053592087176169514e+02
1.644171094894409180e+01 1.509006593837685841e+02 2.053592087176169514e+02
1.647800993919372559e+01 1.503449052094017304e+02 2.053592087176169514e+02
1.650840878486633301e+01 1.494853746055310637e+02 2.053592087176169514e+02
1.654188394546508789e+01 1.490250762547437091e+02 2.053592087176169514e+02
1.657947063446044922e+01 1.484053991285179279e+02 2.053592087176169514e+02
1.660956597328186035e+01 1.478587315392530570e+02 2.053592087176169514e+02
1.664337825775146484e+01 1.476281610756875011e+02 2.053592087176169514e+02
1.667498087882995605e+01 1.480937053469179148e+02 2.053592087176169514e+02
1.670838761329650879e+01 1.482219691118507683e+02 2.053592087176169514e+02
1.674213814735412598e+01 1.489753014502587121e+02 2.053592087176169514e+02
1.677799749374389648e+01 1.495043676528273693e+02 2.053592087176169514e+02
1.680969452857971191e+01 1.504125615203898576e+02 2.053592087176169514e+02
1.684166550636291504e+01 1.508933398422093717e+02 2.053592087176169514e+02
1.687517762184143066e+01 1.518603255186036733e+02 2.053592087176169514e+02
1.690849161148071289e+01 1.527551277105021654e+02 2.053592087176169514e+02
1.694154024124145508e+01 1.542304379214372148e+02 2.053592087176169514e+02
1.697798204421997070e+01 1.560050169976723282e+02 2.053592087176169514e+02
1.701404404640197754e+01 1.566753152281810912e+02 2.053592087176169514e+02
1.704429936408996582e+01 1.578271741670448876e+02 2.053592087176169514e+02
1.707500362396240234e+01 1.588447641418726732e+02 2.053592087176169514e+02
1.710902190208435059e+01 1.604660975061185582e+02 2.053592087176169514e+02
1.714135313034057617e+01 1.615206710267664221e+02 2.053592087176169514e+02
1.718127107620239258e+01 1.622508172884516853e+02 2.053592087176169514e+02
1.720864868164062500e+01 1.627092103909021716e+02 2.053592087176169514e+02
1.724165296554565430e+01 1.634805827818634043e+02 2.053592087176169514e+02
1.727509474754333496e+01 1.640648554567612507e+02 2.053592087176169514e+02
1.730834722518920898e+01 1.645338997570974868e+02 2.053592087176169514e+02
1.734165048599243164e+01 1.647298601871070787e+02 2.053592087176169514e+02
1.737744569778442383e+01 1.647741893435388647e+02 2.053592087176169514e+02
1.741459560394287109e+01 1.647775077967536674e+02 2.053592087176169514e+02
1.744394373893737793e+01 1.645869106152822496e+02 2.053592087176169514e+02
1.747523260116577148e+01 1.644279243131506689e+02 2.053592087176169514e+02
1.750839519500732422e+01 1.641182530810629601e+02 2.053592087176169514e+02
1.754584598541259766e+01 1.633346377386024244e+02 2.053592087176169514e+02
1.757531762123107910e+01 1.629394611010409619e+02 2.053592087176169514e+02
1.760837936401367188e+01 1.626060022634180484e+02 2.053592087176169514e+02
1.764210748672485352e+01 1.620252223507986287e+02 2.053592087176169514e+02
1.767518877983093262e+01 1.627999504489876301e+02 2.053592087176169514e+02
1.770835399627685547e+01 1.627412742110999773e+02 2.053592087176169514e+02
1.774776268005371094e+01 1.626718498234739343e+02 2.053592087176169514e+02
1.777480411529541016e+01 1.633830383627206118e+02 2.053592087176169514e+02
1.780856418609619141e+01 1.638475236266067441e+02 2.053592087176169514e+02
1.784221339225769043e+01 1.642666283880922435e+02 2.053592087176169514e+02
1.787493753433227539e+01 1.649282633161161584e+02 2.053592087176169514e+02
1.790837764739990234e+01 1.659644980829248766e+02 2.053592087176169514e+02
1.794355845451354980e+01 1.668494931909910974e+02 2.053592087176169514e+02
1.800987339019775391e+01 1.664714957943654952e+02 2.053592087176169514e+02
1.801135253906250000e+01 1.684119528118938263e+02 2.053592087176169514e+02
1.804176950454711914e+01 1.689786479653398885e+02 2.053592087176169514e+02
1.807509613037109375e+01 1.702012869869728888e+02 2.053592087176169514e+02
1.811106371879577637e+01 1.706937672308702076e+02 2.053592087176169514e+02
1.814162755012512207e+01 1.704441108690531905e+02 2.053592087176169514e+02
1.817510128021240234e+01 1.700406321941090937e+02 2.053592087176169514e+02
1.820828580856323242e+01 1.698887436411655756e+02 2.053592087176169514e+02
1.824165391921997070e+01 1.697452111915267494e+02 2.053592087176169514e+02
1.827480483055114746e+01 1.692837432324853353e+02 2.053592087176169514e+02
1.831420755386352539e+01 1.688909054054182661e+02 2.053592087176169514e+02
1.834183025360107422e+01 1.690495447711226404e+02 2.053592087176169514e+02
1.837497687339782715e+01 1.689032414052233264e+02 2.053592087176169514e+02
1.840846848487854004e+01 1.691638988952824718e+02 2.053592087176169514e+02
1.844361400604248047e+01 1.689889546257026609e+02 2.053592087176169514e+02
1.847492861747741699e+01 1.694185817050853302e+02 2.053592087176169514e+02
1.850823378562927246e+01 1.698089337352173231e+02 2.053592087176169514e+02
1.854165887832641602e+01 1.701444497640724194e+02 2.053592087176169514e+02
1.857516336441040039e+01 1.712578007363287327e+02 2.053592087176169514e+02
1.860818743705749512e+01 1.720784739563402468e+02 2.053592087176169514e+02
1.864781141281127930e+01 1.734059742861718689e+02 2.053592087176169514e+02
1.868075346946716309e+01 1.744921953855033792e+02 2.053592087176169514e+02
1.870821070671081543e+01 1.756284376106378602e+02 2.053592087176169514e+02
1.874215126037597656e+01 1.762836040759337948e+02 2.053592087176169514e+02
1.877492499351501465e+01 1.776164006443493406e+02 2.053592087176169514e+02
1.880863523483276367e+01 1.784856572482957802e+02 2.053592087176169514e+02
1.884142971038818359e+01 1.791696624767730839e+02 2.053592087176169514e+02
1.888055920600891113e+01 1.800117957542125851e+02 2.053592087176169514e+02
1.891083836555480957e+01 1.805761794355939855e+02 2.053592087176169514e+02
1.894169735908508301e+01 1.810607653600380900e+02 2.053592087176169514e+02
1.897501897811889648e+01 1.812864869761683337e+02 2.053592087176169514e+02
1.900819373130798340e+01 1.813785899234750332e+02 2.053592087176169514e+02
1.904785346984863281e+01 1.813570908627925462e+02 2.053592087176169514e+02
1.907637810707092285e+01 1.815612072015404408e+02 2.053592087176169514e+02
1.910822510719299316e+01 1.812683607260233316e+02 2.053592087176169514e+02
1.914156675338745117e+01 1.811866566572028319e+02 2.053592087176169514e+02
1.917911314964294434e+01 1.808195324132039730e+02 2.053592087176169514e+02
1.920916175842285156e+01 1.803825373121876225e+02 2.053592087176169514e+02
1.924248194694519043e+01 1.805012764832773371e+02 2.053592087176169514e+02
1.927501392364501953e+01 1.803088066058591039e+02 2.053592087176169514e+02
1.930832338333129883e+01 1.800293102079534151e+02 2.053592087176169514e+02
1.934148406982421875e+01 1.799146408977726708e+02 2.053592087176169514e+02
1.938137245178222656e+01 1.798848852293843095e+02 2.053592087176169514e+02
1.941365170478820801e+01 1.797852282135123971e+02 2.053592087176169514e+02
1.944202470779418945e+01 1.795237570550488897e+02 2.053592087176169514e+02
1.947484159469604492e+01 1.795500113565376807e+02 2.053592087176169514e+02
1.950822281837463379e+01 1.798491639200095165e+02 2.053592087176169514e+02
1.954250097274780273e+01 1.800770925548752928e+02 2.053592087176169514e+02
1.957502508163452148e+01 1.803178400124847371e+02 2.053592087176169514e+02
1.961477494239807129e+01 1.805249916646048121e+02 2.053592087176169514e+02
1.964595651626586914e+01 1.804735020657608970e+02 2.053592087176169514e+02
1.967485880851745605e+01 1.810052591921907776e+02 2.053592087176169514e+02
1.970831012725830078e+01 1.815055784630353060e+02 2.053592087176169514e+02
1.974464392662048340e+01 1.821427883665254797e+02 2.053592087176169514e+02
1.977479481697082520e+01 1.830083785455971963e+02 2.053592087176169514e+02
1.980819082260131836e+01 1.836339261436860966e+02 2.053592087176169514e+02
1.984150886535644531e+01 1.839080321929618549e+02 2.053592087176169514e+02
1.987496066093444824e+01 1.838702187382680791e+02 2.053592087176169514e+02
1.990796375274658203e+01 1.834362289399682595e+02 2.053592087176169514e+02
1.994763684272766113e+01 1.817974008179431564e+02 2.053592087176169514e+02
1.997495150566101074e+01 1.773862018483635268e+02 2.053592087176169514e+02
2.000836944580078125e+01 1.671830117677132819e+02 2.053592087176169514e+02
