8.235478401184082031e-02 1.002006651529959846e+01 1.010053327717895854e+03
1.169683933258056641e-01 9.987604786768548237e+00 1.010053327717895854e+03
1.489508152008056641e-01 1.002675235435525991e+01 1.010053327717895854e+03
1.826574802398681641e-01 1.006716655295105944e+01 1.010053327717895854e+03
2.215802669525146484e-01 1.027827440397795478e+01 1.010053327717895854e+03
2.495582103729248047e-01 1.019494213850511777e+01 1.010053327717895854e+03
2.777743339538574219e-01 1.053035360295569589e+01 1.010053327717895854e+03
3.099596500396728516e-01 1.211067806326143526e+01 1.010053327717895854e+03
3.441400527954101562e-01 1.571486994782678970e+01 1.010053327717895854e+03
3.759503364562988281e-01 2.132828260655696795e+01 1.010053327717895854e+03
4.102494716644287109e-01 2.946213032420995148e+01 1.010053327717895854e+03
4.432511329650878906e-01 3.895697561640334072e+01 1.010053327717895854e+03
4.760763645172119141e-01 5.024070550212204722e+01 1.010053327717895854e+03
5.092360973358154297e-01 6.247745473599796640e+01 1.010053327717895854e+03
5.457878112792968750e-01 7.600742262207495514e+01 1.010053327717895854e+03
5.831136703491210938e-01 9.029359691483125516e+01 1.010053327717895854e+03
6.171786785125732422e-01 1.052300473555203126e+02 1.010053327717895854e+03
6.503970623016357422e-01 1.214420234612651228e+02 1.010053327717895854e+03
6.843347549438476562e-01 1.386072291595744446e+02 1.010053327717895854e+03
7.170596122741699219e-01 1.561055241285317834e+02 1.010053327717895854e+03
7.509188652038574219e-01 1.741697857677607431e+02 1.010053327717895854e+03
7.838633060455322266e-01 1.924866145252753142e+02 1.010053327717895854e+03
8.172156810760498047e-01 2.116196443421317781e+02 1.010053327717895854e+03
8.504352569580078125e-01 2.306915661020121036e+02 1.010053327717895854e+03
8.835623264312744141e-01 2.505318639732016095e+02 1.010053327717895854e+03
9.169785976409912109e-01 2.707873269273685537e+02 1.010053327717895854e+03
9.502129554748535156e-01 2.913473136855711232e+02 1.010053327717895854e+03
9.845974445343017578e-01 3.123605111325893517e+02 1.010053327717895854e+03
1.017659664154052734e+00 3.340191908925979760e+02 1.010053327717895854e+03
1.050758361816406250e+00 3.562004079634864411e+02 1.010053327717895854e+03
1.084045648574829102e+00 3.788294196703330954e+02 1.010053327717895854e+03
1.117480993270874023e+00 4.023378005096281527e+02 1.010053327717895854e+03
1.150211572647094727e+00 4.264493283407954323e+02 1.010053327717895854e+03
1.183997631072998047e+00 4.513466297939843344e+02 1.010053327717895854e+03
1.214204549789428711e+00 4.769713142130891015e+02 1.010053327717895854e+03
1.247693538665771484e+00 5.033531096388188075e+02 1.010053327717895854e+03
1.280833721160888672e+00 5.303496375861629986e+02 1.010053327717895854e+03
1.316371440887451172e+00 5.580003025370857586e+02 1.010053327717895854e+03
1.349957942962646484e+00 5.864356672369466423e+02 1.010053327717895854e+03
1.382102012634277344e+00 6.154930414414781126e+02 1.010053327717895854e+03
1.409559249877929688e+00 6.453964710904315325e+02 1.010053327717895854e+03
1.443120718002319336e+00 6.758191297103110173e+02 1.010053327717895854e+03
1.476883411407470703e+00 7.070662995144260776e+02 1.010053327717895854e+03
1.509480476379394531e+00 7.389726338797046310e+02 1.010053327717895854e+03
1.547834873199462891e+00 7.716449710314451522e+02 1.010053327717895854e+03
1.584057569503784180e+00 8.050854963878584840e+02 1.010053327717895854e+03
1.617012023925781250e+00 8.391730191606329754e+02 1.010053327717895854e+03
1.648652076721191406e+00 8.741196837985426100e+02 1.010053327717895854e+03
1.682201862335205078e+00 9.094647765386922629e+02 1.010053327717895854e+03
1.716010332107543945e+00 9.451092618468471755e+02 1.010053327717895854e+03
1.752269029617309570e+00 9.811885660391409374e+02 1.010053327717895854e+03
1.785049200057983398e+00 1.017487657546454329e+03 1.010053327717895854e+03
1.818726062774658203e+00 1.054291388795678131e+03 1.010053327717895854e+03
1.851848602294921875e+00 1.091273311072751312e+03 1.010053327717895854e+03
1.884962081909179688e+00 1.128875762582541483e+03 1.010053327717895854e+03
1.918445110321044922e+00 1.167176407793273484e+03 1.010053327717895854e+03
1.951786279678344727e+00 1.205810057542753611e+03 1.010053327717895854e+03
1.985456466674804688e+00 1.245191729188131148e+03 1.010053327717895854e+03
2.019203662872314453e+00 1.285020533398049110e+03 1.010053327717895854e+03
