8.092999458312988281e-02 -3.512617718860008065e+00 9.965049943386743507e+02
1.133456230163574219e-01 -3.512359953322706119e+00 9.965049943386743507e+02
1.537592411041259766e-01 -3.477683113415269922e+00 9.965049943386743507e+02
1.873819828033447266e-01 -3.438859640727134792e+00 9.965049943386743507e+02
2.239284515380859375e-01 -3.378310861669778120e+00 9.965049943386743507e+02
2.552967071533203125e-01 -3.185465059583576952e+00 9.965049943386743507e+02
2.893855571746826172e-01 -1.872737114533287173e+00 9.965049943386743507e+02
3.215851783752441406e-01 9.407966596393729786e-01 9.965049943386743507e+02
3.555696010589599609e-01 6.119794686532500805e+00 9.965049943386743507e+02
3.889520168304443359e-01 1.394839061010579684e+01 9.965049943386743507e+02
4.216916561126708984e-01 2.362039879682172483e+01 9.965049943386743507e+02
4.556975364685058594e-01 3.576951980475087112e+01 9.965049943386743507e+02
4.883508682250976562e-01 4.945080247410269436e+01 9.965049943386743507e+02
5.219833850860595703e-01 6.488795848406064692e+01 9.965049943386743507e+02
5.552511215209960938e-01 8.157444778595657908e+01 9.965049943386743507e+02
5.891413688659667969e-01 9.917751168337647982e+01 9.965049943386743507e+02
6.219668388366699219e-01 1.179993714383060563e+02 9.965049943386743507e+02
6.555535793304443359e-01 1.379057711063161946e+02 9.965049943386743507e+02
6.858329772949218750e-01 1.589540008028250782e+02 9.965049943386743507e+02
7.212538719177246094e-01 1.806213034813191598e+02 9.965049943386743507e+02
7.548871040344238281e-01 2.033575535415022841e+02 9.965049943386743507e+02
7.877032756805419922e-01 2.266566172931534879e+02 9.965049943386743507e+02
8.209738731384277344e-01 2.505545553952605076e+02 9.965049943386743507e+02
8.543865680694580078e-01 2.751051005336125854e+02 9.965049943386743507e+02
8.811309337615966797e-01 2.995576937282913264e+02 9.965049943386743507e+02
9.153535366058349609e-01 3.240352186545144377e+02 9.965049943386743507e+02
9.526972770690917969e-01 3.484982260387125166e+02 9.965049943386743507e+02
9.901194572448730469e-01 3.726789857250333853e+02 9.965049943386743507e+02
1.017631530761718750e+00 3.960806588867075675e+02 9.965049943386743507e+02
1.047671556472778320e+00 4.185369183164747255e+02 9.965049943386743507e+02
1.081274032592773438e+00 4.395468674802537521e+02 9.965049943386743507e+02
1.117546558380126953e+00 4.586456875288486685e+02 9.965049943386743507e+02
1.154751777648925781e+00 4.753381734625631907e+02 9.965049943386743507e+02
1.188566207885742188e+00 4.891237178907861676e+02 9.965049943386743507e+02
1.216142892837524414e+00 4.996813365845711701e+02 9.965049943386743507e+02
1.249205827713012695e+00 5.062167543878377387e+02 9.965049943386743507e+02
1.289031267166137695e+00 5.079768138974479825e+02 9.965049943386743507e+02
1.324158906936645508e+00 5.035608032718564573e+02 9.965049943386743507e+02
1.356474876403808594e+00 4.926724000049020447e+02 9.965049943386743507e+02
1.387207984924316406e+00 4.714323007535432453e+02 9.965049943386743507e+02
1.420403957366943359e+00 4.374393464529811126e+02 9.965049943386743507e+02
1.453436851501464844e+00 3.879283429587532623e+02 9.965049943386743507e+02
1.490089178085327148e+00 3.207070894998279869e+02 9.965049943386743507e+02
1.522636175155639648e+00 2.350105262593504847e+02 9.965049943386743507e+02
1.656181097030639648e+00 4.242916171056261021e+01 9.965049943386743507e+02
1.689521074295043945e+00 5.018826139460863800e+01 9.965049943386743507e+02
1.722182989120483398e+00 5.526673209174004597e+01 9.965049943386743507e+02
1.755582094192504883e+00 4.707097970189863645e+01 9.965049943386743507e+02
1.788701772689819336e+00 2.705780510468409972e+01 9.965049943386743507e+02
1.821837663650512695e+00 1.852510297055196276e+01 9.965049943386743507e+02
1.956165552139282227e+00 5.181138383274806358e+00 9.965049943386743507e+02
