9.488081932067871094e-02 1.183117390785506728e+01 1.011822718461797876e+03
1.281306743621826172e-01 1.190461388511682550e+01 1.011822718461797876e+03
1.610977649688720703e-01 1.196940943168906735e+01 1.011822718461797876e+03
1.920189857482910156e-01 1.199374632838558696e+01 1.011822718461797876e+03
2.340600490570068359e-01 1.221516393059496863e+01 1.011822718461797876e+03
2.608160972595214844e-01 1.227854801105990923e+01 1.011822718461797876e+03
2.937037944793701172e-01 1.306711551584179176e+01 1.011822718461797876e+03
3.269126415252685547e-01 1.427856923835287084e+01 1.011822718461797876e+03
3.599348068237304688e-01 1.780657829291461169e+01 1.011822718461797876e+03
3.939313888549804688e-01 2.332311497758114527e+01 1.011822718461797876e+03
4.270942211151123047e-01 2.950630614929703555e+01 1.011822718461797876e+03
4.605293273925781250e-01 3.723238481539346623e+01 1.011822718461797876e+03
4.934120178222656250e-01 4.605743935418502133e+01 1.011822718461797876e+03
5.280647277832031250e-01 5.642564949743491098e+01 1.011822718461797876e+03
5.606431961059570312e-01 6.657574359927234298e+01 1.011822718461797876e+03
5.945336818695068359e-01 7.723178678520309859e+01 1.011822718461797876e+03
6.271965503692626953e-01 8.831440097804210154e+01 1.011822718461797876e+03
6.584496498107910156e-01 9.960353823201734258e+01 1.011822718461797876e+03
6.878087520599365234e-01 1.098240909916377888e+02 1.011822718461797876e+03
7.225763797760009766e-01 1.211613184264403742e+02 1.011822718461797876e+03
7.615396976470947266e-01 1.318664123379211901e+02 1.011822718461797876e+03
7.951409816741943359e-01 1.426510513926995714e+02 1.011822718461797876e+03
8.300743103027343750e-01 1.529900472646041010e+02 1.011822718461797876e+03
8.540463447570800781e-01 1.631400685600843303e+02 1.011822718461797876e+03
8.874626159667968750e-01 1.731832748746189168e+02 1.011822718461797876e+03
9.197103977203369141e-01 1.829013876793327427e+02 1.011822718461797876e+03
9.598584175109863281e-01 1.926599644850624031e+02 1.011822718461797876e+03
9.938430786132812500e-01 2.019281252902242159e+02 1.011822718461797876e+03
1.027770519256591797e+00 2.111032446641510489e+02 1.011822718461797876e+03
1.061041116714477539e+00 2.203313902542553535e+02 1.011822718461797876e+03
1.094119548797607422e+00 2.295963786901770902e+02 1.011822718461797876e+03
1.127633333206176758e+00 2.390627962024603050e+02 1.011822718461797876e+03
1.161409378051757812e+00 2.481640890419648429e+02 1.011822718461797876e+03
1.190380334854125977e+00 2.577587980304006692e+02 1.011822718461797876e+03
1.224555492401123047e+00 2.671226976546021774e+02 1.011822718461797876e+03
1.259560823440551758e+00 2.769950051712303321e+02 1.011822718461797876e+03
1.292897224426269531e+00 2.865498131859592377e+02 1.011822718461797876e+03
1.326151609420776367e+00 2.966102872974839784e+02 1.011822718461797876e+03
1.359498739242553711e+00 3.067723885083966593e+02 1.011822718461797876e+03
1.392712354660034180e+00 3.172713964694206652e+02 1.011822718461797876e+03
1.426101446151733398e+00 3.281334495664072506e+02 1.011822718461797876e+03
1.462214708328247070e+00 3.390444731473639308e+02 1.011822718461797876e+03
1.495994329452514648e+00 3.503689686874294011e+02 1.011822718461797876e+03
1.528930664062500000e+00 3.618250763551174600e+02 1.011822718461797876e+03
1.562370538711547852e+00 3.737926665260926598e+02 1.011822718461797876e+03
1.595402956008911133e+00 3.856485562604864299e+02 1.011822718461797876e+03
1.628882408142089844e+00 3.983728135588077635e+02 1.011822718461797876e+03
1.662141084671020508e+00 4.108043572356435789e+02 1.011822718461797876e+03
1.691184043884277344e+00 4.233337094188365768e+02 1.011822718461797876e+03
1.724963903427124023e+00 4.362689916662760083e+02 1.011822718461797876e+03
1.761027812957763672e+00 4.495323577020520815e+02 1.011822718461797876e+03
1.795408248901367188e+00 4.630157818630865449e+02 1.011822718461797876e+03
1.827059268951416016e+00 4.766393809260509329e+02 1.011822718461797876e+03
1.854232788085937500e+00 4.905010213519381637e+02 1.011822718461797876e+03
1.887542963027954102e+00 5.045104160947225296e+02 1.011822718461797876e+03
1.920239686965942383e+00 5.188058377948590305e+02 1.011822718461797876e+03
1.959576368331909180e+00 5.335830579395051245e+02 1.011822718461797876e+03
1.994382143020629883e+00 5.486110275290094478e+02 1.011822718461797876e+03
2.023578882217407227e+00 5.634869606720936872e+02 1.011822718461797876e+03
2.058155059814453125e+00 5.786617458500685416e+02 1.011822718461797876e+03
2.095179080963134766e+00 5.939178452508186865e+02 1.011822718461797876e+03
2.129312038421630859e+00 6.092309430358264990e+02 1.011822718461797876e+03
2.162575006484985352e+00 6.248713651024806950e+02 1.011822718461797876e+03
2.192760229110717773e+00 6.406252288194438052e+02 1.011822718461797876e+03
2.226409673690795898e+00 6.564884333491849020e+02 1.011822718461797876e+03
2.259699821472167969e+00 6.725321485387534040e+02 1.011822718461797876e+03
2.293108701705932617e+00 6.889537592794386001e+02 1.011822718461797876e+03
2.328618049621582031e+00 7.046331462455831343e+02 1.011822718461797876e+03
2.361837148666381836e+00 7.208528748681659408e+02 1.011822718461797876e+03
2.394785165786743164e+00 7.369667387486637153e+02 1.011822718461797876e+03
2.428311347961425781e+00 7.534661534465628847e+02 1.011822718461797876e+03
2.462161302566528320e+00 7.692131327033996513e+02 1.011822718461797876e+03
2.492048978805541992e+00 7.852335381936163685e+02 1.011822718461797876e+03
2.528987407684326172e+00 8.011140238044581565e+02 1.011822718461797876e+03
2.562591552734375000e+00 8.174127089159148909e+02 1.011822718461797876e+03
2.595832824707031250e+00 8.326583339839379505e+02 1.011822718461797876e+03
2.629476785659790039e+00 8.477160833717535979e+02 1.011822718461797876e+03
2.655084133148193359e+00 8.629021599889733807e+02 1.011822718461797876e+03
2.687925100326538086e+00 8.777428850174278523e+02 1.011822718461797876e+03
2.723709583282470703e+00 8.924566828422218805e+02 1.011822718461797876e+03
2.762996196746826172e+00 9.065088213774637325e+02 1.011822718461797876e+03
2.795629024505615234e+00 9.205147066275668521e+02 1.011822718461797876e+03
2.831810712814331055e+00 9.342889260784851331e+02 1.011822718461797876e+03
2.853756427764892578e+00 9.476065022011354131e+02 1.011822718461797876e+03
2.887244462966918945e+00 9.606305411355816659e+02 1.011822718461797876e+03
2.920066833496093750e+00 9.734096347136052145e+02 1.011822718461797876e+03
2.958506584167480469e+00 9.857887763277501563e+02 1.011822718461797876e+03
2.994307518005371094e+00 9.978170172821342021e+02 1.011822718461797876e+03
3.028242111206054688e+00 1.009379210883792325e+03 1.011822718461797876e+03
3.061422348022460938e+00 1.020631264855529594e+03 1.011822718461797876e+03
3.094820499420166016e+00 1.031410671845351089e+03 1.011822718461797876e+03
3.128029108047485352e+00 1.041924047613580342e+03 1.011822718461797876e+03
3.161404609680175781e+00 1.052205487637884971e+03 1.011822718461797876e+03
3.195272684097290039e+00 1.062050888497090000e+03 1.011822718461797876e+03
3.228539943695068359e+00 1.071426319704798971e+03 1.011822718461797876e+03
3.261780738830566406e+00 1.080503835430738036e+03 1.011822718461797876e+03
3.287936925888061523e+00 1.088873636748855688e+03 1.011822718461797876e+03
3.321222543716430664e+00 1.096818929469764498e+03 1.011822718461797876e+03
3.356164455413818359e+00 1.104454246755404938e+03 1.011822718461797876e+03
3.396245718002319336e+00 1.111780910146852648e+03 1.011822718461797876e+03
3.429727077484130859e+00 1.118379573368980573e+03 1.011822718461797876e+03
3.462526798248291016e+00 1.124711546234445905e+03 1.011822718461797876e+03
3.496159315109252930e+00 1.130500913108328177e+03 1.011822718461797876e+03
3.529405832290649414e+00 1.135771667901667797e+03 1.011822718461797876e+03
3.563256502151489258e+00 1.140732938286219678e+03 1.011822718461797876e+03
3.595757246017456055e+00 1.145145486645198616e+03 1.011822718461797876e+03
3.630054473876953125e+00 1.149045248028827700e+03 1.011822718461797876e+03
3.656866550445556641e+00 1.152670225209927366e+03 1.011822718461797876e+03
3.688115119934082031e+00 1.155619833508389320e+03 1.011822718461797876e+03
3.724528551101684570e+00 1.158164415316939085e+03 1.011822718461797876e+03
3.763337612152099609e+00 1.160417158060745123e+03 1.011822718461797876e+03
3.796657323837280273e+00 1.162322905626388319e+03 1.011822718461797876e+03
3.829298257827758789e+00 1.163961851442963507e+03 1.011822718461797876e+03
3.855144500732421875e+00 1.165313893695099978e+03 1.011822718461797876e+03
3.888159990310668945e+00 1.166253561505356629e+03 1.011822718461797876e+03
3.920361280441284180e+00 1.166919587731449383e+03 1.011822718461797876e+03
3.956456661224365234e+00 1.167287897570772657e+03 1.011822718461797876e+03
3.995013236999511719e+00 1.167389014166347806e+03 1.011822718461797876e+03
4.028300046920776367e+00 1.166974158407986351e+03 1.011822718461797876e+03
4.061765193939208984e+00 1.166434596907625291e+03 1.011822718461797876e+03
4.095844030380249023e+00 1.165779983127660216e+03 1.011822718461797876e+03
4.128713607788085938e+00 1.164507113705133861e+03 1.011822718461797876e+03
4.160866737365722656e+00 1.163069056567962889e+03 1.011822718461797876e+03
4.195779085159301758e+00 1.161544585283297920e+03 1.011822718461797876e+03
4.228891849517822266e+00 1.159895582089438676e+03 1.011822718461797876e+03
4.261894702911376953e+00 1.157818084660746536e+03 1.011822718461797876e+03
4.295127868652343750e+00 1.155608590495821318e+03 1.011822718461797876e+03
4.323831796646118164e+00 1.152882783899888636e+03 1.011822718461797876e+03
4.354631423950195312e+00 1.150026118445851125e+03 1.011822718461797876e+03
4.388748407363891602e+00 1.147069039792843796e+03 1.011822718461797876e+03
4.427515745162963867e+00 1.143733741929891494e+03 1.011822718461797876e+03
4.461998939514160156e+00 1.140087691196496507e+03 1.011822718461797876e+03
4.492291450500488281e+00 1.136333164895879463e+03 1.011822718461797876e+03
4.522092580795288086e+00 1.132290869406481079e+03 1.011822718461797876e+03
4.554044008255004883e+00 1.127960895792640486e+03 1.011822718461797876e+03
4.588414669036865234e+00 1.123469307614292347e+03 1.011822718461797876e+03
4.621897697448730469e+00 1.118543390900510758e+03 1.011822718461797876e+03
4.662843942642211914e+00 1.113383698751280917e+03 1.011822718461797876e+03
4.687310218811035156e+00 1.108099066303667996e+03 1.011822718461797876e+03
4.721087217330932617e+00 1.102277086652512480e+03 1.011822718461797876e+03
4.759540319442749023e+00 1.096200156772895070e+03 1.011822718461797876e+03
4.796034097671508789e+00 1.089981091710655619e+03 1.011822718461797876e+03
4.825504779815673828e+00 1.083361399268297419e+03 1.011822718461797876e+03
4.855333566665649414e+00 1.076614441885545148e+03 1.011822718461797876e+03
4.889199018478393555e+00 1.069356747339455751e+03 1.011822718461797876e+03
4.920285224914550781e+00 1.061751098496642044e+03 1.011822718461797876e+03
4.961222648620605469e+00 1.054035011602467421e+03 1.011822718461797876e+03
4.995828866958618164e+00 1.045929228448847425e+03 1.011822718461797876e+03
5.025751352310180664e+00 1.037805792564301328e+03 1.011822718461797876e+03
5.055873394012451172e+00 1.029526995989238685e+03 1.011822718461797876e+03
5.094856023788452148e+00 1.020853682407003475e+03 1.011822718461797876e+03
5.129066228866577148e+00 1.011696837637306430e+03 1.011822718461797876e+03
5.161799907684326172e+00 1.002632809992308125e+03 1.011822718461797876e+03
5.194747447967529297e+00 9.935807987224824274e+02 1.011822718461797876e+03
5.228593349456787109e+00 9.837867031484483960e+02 1.011822718461797876e+03
5.261656999588012695e+00 9.742988493085128994e+02 1.011822718461797876e+03
5.294877529144287109e+00 9.642555088395879466e+02 1.011822718461797876e+03
5.328314781188964844e+00 9.543620898632109402e+02 1.011822718461797876e+03
5.361418485641479492e+00 9.442820431620671116e+02 1.011822718461797876e+03
5.394912004470825195e+00 9.341525672653294805e+02 1.011822718461797876e+03
5.428406476974487305e+00 9.239041144743601990e+02 1.011822718461797876e+03
5.461572647094726562e+00 9.135199902245849444e+02 1.011822718461797876e+03
5.495220422744750977e+00 9.030350762044594148e+02 1.011822718461797876e+03
5.528062582015991211e+00 8.924148305239623369e+02 1.011822718461797876e+03
5.561253547668457031e+00 8.820267225889873544e+02 1.011822718461797876e+03
5.594770908355712891e+00 8.715987848256301049e+02 1.011822718461797876e+03
5.628379583358764648e+00 8.611271403858546591e+02 1.011822718461797876e+03
5.657121181488037109e+00 8.508850481805404797e+02 1.011822718461797876e+03
5.687565565109252930e+00 8.406071231594797837e+02 1.011822718461797876e+03
5.721595525741577148e+00 8.307714145214351902e+02 1.011822718461797876e+03
5.761538505554199219e+00 8.207978951064120565e+02 1.011822718461797876e+03
5.795474290847778320e+00 8.116045998486096096e+02 1.011822718461797876e+03
5.820681571960449219e+00 8.019168570922520303e+02 1.011822718461797876e+03
5.854889154434204102e+00 7.923633491064558712e+02 1.011822718461797876e+03
5.887033224105834961e+00 7.832416793442099561e+02 1.011822718461797876e+03
5.920509338378906250e+00 7.743217789333797327e+02 1.011822718461797876e+03
5.962015390396118164e+00 7.655506134512005474e+02 1.011822718461797876e+03
5.994912385940551758e+00 7.571168277830405486e+02 1.011822718461797876e+03
6.028370141983032227e+00 7.487590156896586677e+02 1.011822718461797876e+03
6.061544656753540039e+00 7.406523356764214441e+02 1.011822718461797876e+03
6.095088958740234375e+00 7.326726328558565910e+02 1.011822718461797876e+03
6.129024267196655273e+00 7.252876594912137307e+02 1.011822718461797876e+03
6.162189483642578125e+00 7.177903134031525951e+02 1.011822718461797876e+03
6.195023298263549805e+00 7.101410215526728962e+02 1.011822718461797876e+03
6.228146553039550781e+00 7.025383738792920667e+02 1.011822718461797876e+03
6.261593818664550781e+00 6.953592971016760202e+02 1.011822718461797876e+03
6.294515371322631836e+00 6.884207748397684554e+02 1.011822718461797876e+03
6.328474760055541992e+00 6.815578395174237585e+02 1.011822718461797876e+03
6.361945390701293945e+00 6.747906109878574625e+02 1.011822718461797876e+03
6.394977331161499023e+00 6.684263042816077132e+02 1.011822718461797876e+03
6.428500652313232422e+00 6.619974853359304916e+02 1.011822718461797876e+03
6.461731195449829102e+00 6.559747402429080694e+02 1.011822718461797876e+03
6.495043277740478516e+00 6.499516056109308693e+02 1.011822718461797876e+03
6.528974533081054688e+00 6.439643935967463904e+02 1.011822718461797876e+03
6.562011480331420898e+00 6.385488563786185523e+02 1.011822718461797876e+03
6.594756841659545898e+00 6.333708253118179528e+02 1.011822718461797876e+03
6.628671169281005859e+00 6.286400623130480199e+02 1.011822718461797876e+03
6.661278009414672852e+00 6.243778446413754182e+02 1.011822718461797876e+03
6.691927671432495117e+00 6.202082409970627168e+02 1.011822718461797876e+03
6.720895290374755859e+00 6.162219866756267947e+02 1.011822718461797876e+03
6.754726648330688477e+00 6.128196157588479309e+02 1.011822718461797876e+03
6.793362855911254883e+00 6.096306875169842669e+02 1.011822718461797876e+03
6.827278375625610352e+00 6.067192127251945521e+02 1.011822718461797876e+03
6.853858709335327148e+00 6.044869256150301453e+02 1.011822718461797876e+03
6.887730121612548828e+00 6.016741255631195600e+02 1.011822718461797876e+03
6.920536994934082031e+00 5.995673744443430451e+02 1.011822718461797876e+03
6.960564136505126953e+00 5.976966936499609346e+02 1.011822718461797876e+03
6.994395971298217773e+00 5.961469924740582655e+02 1.011822718461797876e+03
7.028242349624633789e+00 5.948740390819091317e+02 1.011822718461797876e+03
7.061476707458496094e+00 5.938034698138741305e+02 1.011822718461797876e+03
7.094770193099975586e+00 5.928735718379324453e+02 1.011822718461797876e+03
7.127800226211547852e+00 5.925697173158973783e+02 1.011822718461797876e+03
7.161480426788330078e+00 5.917144378449604574e+02 1.011822718461797876e+03
7.194168329238891602e+00 5.914429165858146007e+02 1.011822718461797876e+03
7.226327419281005859e+00 5.913637353368892491e+02 1.011822718461797876e+03
7.258521556854248047e+00 5.914917773322448511e+02 1.011822718461797876e+03
7.291838169097900391e+00 5.919000086754165295e+02 1.011822718461797876e+03
7.328870296478271484e+00 5.926440251015300191e+02 1.011822718461797876e+03
7.362746477127075195e+00 5.934068869550094405e+02 1.011822718461797876e+03
7.395919561386108398e+00 5.946674082779281889e+02 1.011822718461797876e+03
7.426195621490478516e+00 5.962871464148998939e+02 1.011822718461797876e+03
7.459169149398803711e+00 5.984329782509686311e+02 1.011822718461797876e+03
7.492807388305664062e+00 6.007683112083018386e+02 1.011822718461797876e+03
7.525849819183349609e+00 6.038165824569701954e+02 1.011822718461797876e+03
7.562686681747436523e+00 6.072201498030718767e+02 1.011822718461797876e+03
7.595871686935424805e+00 6.110439879403448913e+02 1.011822718461797876e+03
7.628968238830566406e+00 6.154546753967282484e+02 1.011822718461797876e+03
7.662432670593261719e+00 6.204089805818713330e+02 1.011822718461797876e+03
7.690727233886718750e+00 6.259601310954458313e+02 1.011822718461797876e+03
7.724185705184936523e+00 6.318184623623595826e+02 1.011822718461797876e+03
7.761199474334716797e+00 6.383014767047486657e+02 1.011822718461797876e+03
7.794191598892211914e+00 6.452923101571457210e+02 1.011822718461797876e+03
7.827393293380737305e+00 6.527640053248626373e+02 1.011822718461797876e+03
7.853878021240234375e+00 6.605584927788564755e+02 1.011822718461797876e+03
7.887678146362304688e+00 6.689573863503849225e+02 1.011822718461797876e+03
7.921161651611328125e+00 6.780045506625350527e+02 1.011822718461797876e+03
7.954092264175415039e+00 6.872227279929225006e+02 1.011822718461797876e+03
7.987731695175170898e+00 6.971517787513009807e+02 1.011822718461797876e+03
8.022631645202636719e+00 7.075080503620711170e+02 1.011822718461797876e+03
8.062365770339965820e+00 7.184595758549876336e+02 1.011822718461797876e+03
8.096112966537475586e+00 7.297770533997110078e+02 1.011822718461797876e+03
8.129801511764526367e+00 7.420787820722820243e+02 1.011822718461797876e+03
8.163046121597290039e+00 7.548474312627748759e+02 1.011822718461797876e+03
8.195541143417358398e+00 7.684793867694693290e+02 1.011822718461797876e+03
8.229156255722045898e+00 7.827641262939289390e+02 1.011822718461797876e+03
8.262585163116455078e+00 7.979342447388916071e+02 1.011822718461797876e+03
8.287600994110107422e+00 8.135098109117114973e+02 1.011822718461797876e+03
8.321290969848632812e+00 8.298411112648478820e+02 1.011822718461797876e+03
8.355563402175903320e+00 8.468117135765755847e+02 1.011822718461797876e+03
8.395957946777343750e+00 8.641735378944995318e+02 1.011822718461797876e+03
8.428776025772094727e+00 8.820440902580020293e+02 1.011822718461797876e+03
8.462941408157348633e+00 9.004405811474953225e+02 1.011822718461797876e+03
8.496561288833618164e+00 9.195840948407445694e+02 1.011822718461797876e+03
8.530492544174194336e+00 9.389658242908716375e+02 1.011822718461797876e+03
8.562517404556274414e+00 9.587729844790967491e+02 1.011822718461797876e+03
8.596171140670776367e+00 9.789762501031636930e+02 1.011822718461797876e+03
8.629060983657836914e+00 9.995897927053692911e+02 1.011822718461797876e+03
8.659610986709594727e+00 1.020324670046871347e+03 1.011822718461797876e+03
8.690007448196411133e+00 1.041293309387433965e+03 1.011822718461797876e+03
8.723088741302490234e+00 1.062075194031608589e+03 1.011822718461797876e+03
8.758078336715698242e+00 1.082948026580934993e+03 1.011822718461797876e+03
8.795382976531982422e+00 1.103542698033812258e+03 1.011822718461797876e+03
8.829403400421142578e+00 1.124430937044585335e+03 1.011822718461797876e+03
8.853748798370361328e+00 1.145121946520578376e+03 1.011822718461797876e+03
8.887212991714477539e+00 1.165760424417117292e+03 1.011822718461797876e+03
8.920615434646606445e+00 1.186238309183725960e+03 1.011822718461797876e+03
8.957030057907104492e+00 1.206574236334276748e+03 1.011822718461797876e+03
8.995518684387207031e+00 1.226897868179364195e+03 1.011822718461797876e+03
9.028820991516113281e+00 1.246847524837070750e+03 1.011822718461797876e+03
9.061904191970825195e+00 1.266323967909103203e+03 1.011822718461797876e+03
9.095184803009033203e+00 1.286039921807995825e+03 1.011822718461797876e+03
9.128006219863891602e+00 1.305381151171546662e+03 1.011822718461797876e+03
9.161397933959960938e+00 1.324627540072217698e+03 1.011822718461797876e+03
9.195070266723632812e+00 1.343059999315093137e+03 1.011822718461797876e+03
9.228787422180175781e+00 1.361669694236575879e+03 1.011822718461797876e+03
9.261709451675415039e+00 1.379464259689547816e+03 1.011822718461797876e+03
9.295671463012695312e+00 1.397058877546261783e+03 1.011822718461797876e+03
9.329022407531738281e+00 1.414122439307977857e+03 1.011822718461797876e+03
9.362111806869506836e+00 1.430665370367497189e+03 1.011822718461797876e+03
9.395294904708862305e+00 1.446540574755148555e+03 1.011822718461797876e+03
9.428547143936157227e+00 1.461514445463972834e+03 1.011822718461797876e+03
9.461781978607177734e+00 1.476295097386594307e+03 1.011822718461797876e+03
9.494676113128662109e+00 1.490260117533814764e+03 1.011822718461797876e+03
9.528746366500854492e+00 1.503513247480583232e+03 1.011822718461797876e+03
9.561357021331787109e+00 1.516155375579469592e+03 1.011822718461797876e+03
9.595092296600341797e+00 1.528094719291924548e+03 1.011822718461797876e+03
9.628525018692016602e+00 1.539292377218700722e+03 1.011822718461797876e+03
9.662263631820678711e+00 1.549820891929638265e+03 1.011822718461797876e+03
9.690568923950195312e+00 1.559569078383319265e+03 1.011822718461797876e+03
9.723871946334838867e+00 1.568399776903464272e+03 1.011822718461797876e+03
9.760060310363769531e+00 1.576618988758737942e+03 1.011822718461797876e+03
9.793947696685791016e+00 1.583874971443440472e+03 1.011822718461797876e+03
9.826823949813842773e+00 1.590387330599786992e+03 1.011822718461797876e+03
9.854162693023681641e+00 1.596144422625510970e+03 1.011822718461797876e+03
9.887912750244140625e+00 1.601171761065905230e+03 1.011822718461797876e+03
9.920747518539428711e+00 1.605451239235038884e+03 1.011822718461797876e+03
9.957961797714233398e+00 1.608862429189745171e+03 1.011822718461797876e+03
9.994612216949462891e+00 1.611737388077655396e+03 1.011822718461797876e+03
1.002831649780273438e+01 1.613606220888221515e+03 1.011822718461797876e+03
1.006211447715759277e+01 1.614731386909317280e+03 1.011822718461797876e+03
1.009485435485839844e+01 1.615398408094324850e+03 1.011822718461797876e+03
1.012845182418823242e+01 1.615136062659992149e+03 1.011822718461797876e+03
1.016238188743591309e+01 1.614293262595887427e+03 1.011822718461797876e+03
1.019522833824157715e+01 1.612381256663147269e+03 1.011822718461797876e+03
1.022856020927429199e+01 1.609964353347339511e+03 1.011822718461797876e+03
1.026201534271240234e+01 1.606780603020794160e+03 1.011822718461797876e+03
1.029526996612548828e+01 1.602643402119315851e+03 1.011822718461797876e+03
1.032857465744018555e+01 1.597780012326580845e+03 1.011822718461797876e+03
1.036256170272827148e+01 1.592323591325215830e+03 1.011822718461797876e+03
1.039520573616027832e+01 1.586121394830798408e+03 1.011822718461797876e+03
1.042901563644409180e+01 1.578905119705014840e+03 1.011822718461797876e+03
1.046168923377990723e+01 1.571163697220290942e+03 1.011822718461797876e+03
1.049671435356140137e+01 1.562588777630820687e+03 1.011822718461797876e+03
1.052861022949218750e+01 1.553386102299934464e+03 1.011822718461797876e+03
1.056217670440673828e+01 1.543330162838533624e+03 1.011822718461797876e+03
1.059492063522338867e+01 1.532560176609335485e+03 1.011822718461797876e+03
1.062545418739318848e+01 1.521114135680503068e+03 1.011822718461797876e+03
1.066091203689575195e+01 1.509064071638184942e+03 1.011822718461797876e+03
1.068779969215393066e+01 1.496305249977114045e+03 1.011822718461797876e+03
1.072168517112731934e+01 1.482983798541726628e+03 1.011822718461797876e+03
1.076216173171997070e+01 1.469024369109095915e+03 1.011822718461797876e+03
1.079619503021240234e+01 1.454608160159366662e+03 1.011822718461797876e+03
1.083023500442504883e+01 1.439656773558095892e+03 1.011822718461797876e+03
1.085599637031555176e+01 1.424412343146214880e+03 1.011822718461797876e+03
1.088704228401184082e+01 1.408615731030288771e+03 1.011822718461797876e+03
1.092040324211120605e+01 1.392214064041642587e+03 1.011822718461797876e+03
1.095640563964843750e+01 1.375685438425497523e+03 1.011822718461797876e+03
1.099470520019531250e+01 1.358516115161431571e+03 1.011822718461797876e+03
1.102880382537841797e+01 1.341078100286692461e+03 1.011822718461797876e+03
1.106213355064392090e+01 1.323539154417785085e+03 1.011822718461797876e+03
1.109456753730773926e+01 1.305518907956115527e+03 1.011822718461797876e+03
1.112808394432067871e+01 1.287030259085684520e+03 1.011822718461797876e+03
1.116210103034973145e+01 1.268510744824653329e+03 1.011822718461797876e+03
1.119543957710266113e+01 1.249461551224700088e+03 1.011822718461797876e+03
1.122865748405456543e+01 1.230419233292503804e+03 1.011822718461797876e+03
1.126180887222290039e+01 1.211067364455655706e+03 1.011822718461797876e+03
1.129525399208068848e+01 1.191909072116600555e+03 1.011822718461797876e+03
1.132939434051513672e+01 1.172170382870340745e+03 1.011822718461797876e+03
1.136166024208068848e+01 1.152845579172614634e+03 1.011822718461797876e+03
1.139554214477539062e+01 1.133193385753364510e+03 1.011822718461797876e+03
1.142841219902038574e+01 1.113981580306880005e+03 1.011822718461797876e+03
1.146251034736633301e+01 1.094730939182423981e+03 1.011822718461797876e+03
1.149592208862304688e+01 1.075615792578170613e+03 1.011822718461797876e+03
1.152834343910217285e+01 1.056725798232085708e+03 1.011822718461797876e+03
1.156169319152832031e+01 1.038227945864321555e+03 1.011822718461797876e+03
1.159503841400146484e+01 1.019669484436056564e+03 1.011822718461797876e+03
1.162858366966247559e+01 1.001650584019430767e+03 1.011822718461797876e+03
1.166169810295104980e+01 9.838768286978748847e+02 1.011822718461797876e+03
1.169114136695861816e+01 9.663920420553477015e+02 1.011822718461797876e+03
1.172309899330139160e+01 9.493674213537352671e+02 1.011822718461797876e+03
1.175776696205139160e+01 9.325732547620096966e+02 1.011822718461797876e+03
1.179482936859130859e+01 9.161824017995858185e+02 1.011822718461797876e+03
1.182906579971313477e+01 9.003531827392868081e+02 1.011822718461797876e+03
1.185839962959289551e+01 8.848651771941324569e+02 1.011822718461797876e+03
1.188718366622924805e+01 8.700458812505015658e+02 1.011822718461797876e+03
1.192052221298217773e+01 8.557575606481916566e+02 1.011822718461797876e+03
1.195552015304565430e+01 8.418134688595312127e+02 1.011822718461797876e+03
1.199388051033020020e+01 8.285240672225291974e+02 1.011822718461797876e+03
1.202777147293090820e+01 8.159633720849371912e+02 1.011822718461797876e+03
1.206139063835144043e+01 8.039799372909250224e+02 1.011822718461797876e+03
1.209531784057617188e+01 7.926058183028045505e+02 1.011822718461797876e+03
1.212857699394226074e+01 7.818827074656080640e+02 1.011822718461797876e+03
1.216148853302001953e+01 7.716973877784425895e+02 1.011822718461797876e+03
1.219484996795654297e+01 7.623455293451295347e+02 1.011822718461797876e+03
1.222655200958251953e+01 7.535697384321623531e+02 1.011822718461797876e+03
1.225874900817871094e+01 7.454889563033752893e+02 1.011822718461797876e+03
1.229272818565368652e+01 7.380195238224075638e+02 1.011822718461797876e+03
1.232781457901000977e+01 7.312914576006176048e+02 1.011822718461797876e+03
1.236089229583740234e+01 7.252551599498791575e+02 1.011822718461797876e+03
1.239509487152099609e+01 7.197655080406447041e+02 1.011822718461797876e+03
1.242803668975830078e+01 7.149014552475035771e+02 1.011822718461797876e+03
1.246055531501770020e+01 7.108951480098227194e+02 1.011822718461797876e+03
1.249409151077270508e+01 7.073064789020946819e+02 1.011822718461797876e+03
1.252756524085998535e+01 7.045301647255738544e+02 1.011822718461797876e+03
1.256111526489257812e+01 7.022876063010747885e+02 1.011822718461797876e+03
1.259452176094055176e+01 7.007881472038171751e+02 1.011822718461797876e+03
1.262813210487365723e+01 6.998737333215724448e+02 1.011822718461797876e+03
1.266082477569580078e+01 6.995243261465316209e+02 1.011822718461797876e+03
1.269071626663208008e+01 6.998058760497742696e+02 1.011822718461797876e+03
1.272218155860900879e+01 7.006959075989344683e+02 1.011822718461797876e+03
1.275656676292419434e+01 7.019249219409065290e+02 1.011822718461797876e+03
1.279578733444213867e+01 7.040880291819729564e+02 1.011822718461797876e+03
1.282921481132507324e+01 7.065389531287280533e+02 1.011822718461797876e+03
1.285782289505004883e+01 7.096528061434041774e+02 1.011822718461797876e+03
1.288723707199096680e+01 7.141086589102845892e+02 1.011822718461797876e+03
1.292078447341918945e+01 7.181002011005294889e+02 1.011822718461797876e+03
1.295533275604248047e+01 7.225569326180951748e+02 1.011822718461797876e+03
1.299362087249755859e+01 7.275803317677055020e+02 1.011822718461797876e+03
1.302872991561889648e+01 7.333636075202916800e+02 1.011822718461797876e+03
1.306183624267578125e+01 7.396393713283348461e+02 1.011822718461797876e+03
1.309538912773132324e+01 7.461444954273797521e+02 1.011822718461797876e+03
1.312887954711914062e+01 7.533544743765664862e+02 1.011822718461797876e+03
1.316157412528991699e+01 7.611955450195563344e+02 1.011822718461797876e+03
1.319513869285583496e+01 7.686257729585871630e+02 1.011822718461797876e+03
1.322552132606506348e+01 7.771430957596555800e+02 1.011822718461797876e+03
1.326039314270019531e+01 7.858994934023791075e+02 1.011822718461797876e+03
1.328770494461059570e+01 7.949704601241288628e+02 1.011822718461797876e+03
1.332231044769287109e+01 8.046117781613412490e+02 1.011822718461797876e+03
1.336313891410827637e+01 8.144969895657181951e+02 1.011822718461797876e+03
1.339611339569091797e+01 8.247723639608512940e+02 1.011822718461797876e+03
1.343037605285644531e+01 8.354503000590402735e+02 1.011822718461797876e+03
1.346233773231506348e+01 8.460384819222315400e+02 1.011822718461797876e+03
1.349624013900756836e+01 8.570143252453384548e+02 1.011822718461797876e+03
1.352955675125122070e+01 8.684466934709133739e+02 1.011822718461797876e+03
1.356266427040100098e+01 8.801327445833842376e+02 1.011822718461797876e+03
1.359616637229919434e+01 8.918023802521212247e+02 1.011822718461797876e+03
1.362955451011657715e+01 9.039684355134947964e+02 1.011822718461797876e+03
1.365938949584960938e+01 9.163223999008232568e+02 1.011822718461797876e+03
1.369333386421203613e+01 9.286426015122457329e+02 1.011822718461797876e+03
1.372633075714111328e+01 9.410916765186817656e+02 1.011822718461797876e+03
1.375991559028625488e+01 9.540023870453190966e+02 1.011822718461797876e+03
1.379290723800659180e+01 9.669819135469633693e+02 1.011822718461797876e+03
1.382618808746337891e+01 9.794282951652756992e+02 1.011822718461797876e+03
1.385911941528320312e+01 9.921733996405930611e+02 1.011822718461797876e+03
1.388729000091552734e+01 1.004860674030458881e+03 1.011822718461797876e+03
1.392104649543762207e+01 1.017398341035661247e+03 1.011822718461797876e+03
1.395674896240234375e+01 1.029770541353291947e+03 1.011822718461797876e+03
1.399387025833129883e+01 1.041996234121999805e+03 1.011822718461797876e+03
1.402524757385253906e+01 1.053873382927741659e+03 1.011822718461797876e+03
1.405848789215087891e+01 1.065761136799780843e+03 1.011822718461797876e+03
1.409535217285156250e+01 1.077485531214307230e+03 1.011822718461797876e+03
1.412964844703674316e+01 1.088671721958844728e+03 1.011822718461797876e+03
1.416230845451354980e+01 1.099837316185010877e+03 1.011822718461797876e+03
1.419538927078247070e+01 1.110655663499665025e+03 1.011822718461797876e+03
1.422899031639099121e+01 1.121446646819367061e+03 1.011822718461797876e+03
1.426237177848815918e+01 1.131810175314655453e+03 1.011822718461797876e+03
1.429635596275329590e+01 1.142103812846705068e+03 1.011822718461797876e+03
1.432983279228210449e+01 1.152071900151964201e+03 1.011822718461797876e+03
1.435982537269592285e+01 1.161232970304557512e+03 1.011822718461797876e+03
1.439267182350158691e+01 1.170636725453898634e+03 1.011822718461797876e+03
1.442615747451782227e+01 1.179395405804892107e+03 1.011822718461797876e+03
1.446220445632934570e+01 1.187848185743304384e+03 1.011822718461797876e+03
1.449602103233337402e+01 1.195904102769005704e+03 1.011822718461797876e+03
1.452920126914978027e+01 1.203736079564773036e+03 1.011822718461797876e+03
1.456274533271789551e+01 1.211197323255663150e+03 1.011822718461797876e+03
1.459617543220520020e+01 1.218442406616430844e+03 1.011822718461797876e+03
1.462897634506225586e+01 1.225154784316308451e+03 1.011822718461797876e+03
1.466244411468505859e+01 1.231548484896767150e+03 1.011822718461797876e+03
1.469485855102539062e+01 1.237611732357901701e+03 1.011822718461797876e+03
1.472319269180297852e+01 1.243077419437788649e+03 1.011822718461797876e+03
1.475654387474060059e+01 1.248204962652930817e+03 1.011822718461797876e+03
1.479300832748413086e+01 1.252998262228188423e+03 1.011822718461797876e+03
1.482985854148864746e+01 1.257154828368742301e+03 1.011822718461797876e+03
1.486444044113159180e+01 1.260926197183268869e+03 1.011822718461797876e+03
1.488724660873413086e+01 1.264329847205801570e+03 1.011822718461797876e+03
1.492153000831604004e+01 1.267103650464505563e+03 1.011822718461797876e+03
1.495305538177490234e+01 1.269399429651461332e+03 1.011822718461797876e+03
1.499294376373291016e+01 1.271384246468508763e+03 1.011822718461797876e+03
1.502884292602539062e+01 1.272766872523690836e+03 1.011822718461797876e+03
1.506152033805847168e+01 1.273510974701767964e+03 1.011822718461797876e+03
1.509512662887573242e+01 1.273898282820043732e+03 1.011822718461797876e+03
1.512878489494323730e+01 1.273758506303623790e+03 1.011822718461797876e+03
1.516261291503906250e+01 1.272984636222464360e+03 1.011822718461797876e+03
1.519526791572570801e+01 1.271800701572031130e+03 1.011822718461797876e+03
1.522841024398803711e+01 1.270094777400403018e+03 1.011822718461797876e+03
1.526183962821960449e+01 1.267948124265852584e+03 1.011822718461797876e+03
1.529529905319213867e+01 1.265036034985820606e+03 1.011822718461797876e+03
1.532899785041809082e+01 1.261867555156779190e+03 1.011822718461797876e+03
1.536169791221618652e+01 1.258297807099452257e+03 1.011822718461797876e+03
1.539536070823669434e+01 1.254339441683994437e+03 1.011822718461797876e+03
1.542843890190124512e+01 1.249717501469567651e+03 1.011822718461797876e+03
1.546250629425048828e+01 1.244981900560603208e+03 1.011822718461797876e+03
1.549516749382019043e+01 1.239652568127512041e+03 1.011822718461797876e+03
1.552877283096313477e+01 1.234163186735595673e+03 1.011822718461797876e+03
1.556128430366516113e+01 1.228214257853485151e+03 1.011822718461797876e+03
1.559457612037658691e+01 1.221938429363163095e+03 1.011822718461797876e+03
1.562858080863952637e+01 1.215313652518395656e+03 1.011822718461797876e+03
1.566148161888122559e+01 1.208697741028878681e+03 1.011822718461797876e+03
1.569494938850402832e+01 1.201447781531378723e+03 1.011822718461797876e+03
1.572867918014526367e+01 1.194223785726102506e+03 1.011822718461797876e+03
1.576153087615966797e+01 1.186821011282839663e+03 1.011822718461797876e+03
1.579204940795898438e+01 1.178995823497942411e+03 1.011822718461797876e+03
1.582601690292358398e+01 1.170986643913417083e+03 1.011822718461797876e+03
1.586570143699645996e+01 1.162994082902453101e+03 1.011822718461797876e+03
1.588722229003906250e+01 1.154523671762156710e+03 1.011822718461797876e+03
1.592210125923156738e+01 1.146144510557908461e+03 1.011822718461797876e+03
1.595371365547180176e+01 1.137598170459173616e+03 1.011822718461797876e+03
1.599411559104919434e+01 1.128738486500167483e+03 1.011822718461797876e+03
1.602817249298095703e+01 1.119903907231951507e+03 1.011822718461797876e+03
1.606180119514465332e+01 1.110662671665246535e+03 1.011822718461797876e+03
1.609534668922424316e+01 1.101673104646776892e+03 1.011822718461797876e+03
1.612869954109191895e+01 1.092801629298977787e+03 1.011822718461797876e+03
1.616148686408996582e+01 1.083478735412420519e+03 1.011822718461797876e+03
1.619516468048095703e+01 1.074448000770441922e+03 1.011822718461797876e+03
1.622852087020874023e+01 1.065011423333973198e+03 1.011822718461797876e+03
1.626236224174499512e+01 1.055560523434010975e+03 1.011822718461797876e+03
1.629482483863830566e+01 1.046249582798232950e+03 1.011822718461797876e+03
1.632873678207397461e+01 1.036810734887455510e+03 1.011822718461797876e+03
1.636160254478454590e+01 1.027691905898787809e+03 1.011822718461797876e+03
1.639524912834167480e+01 1.018250671846268233e+03 1.011822718461797876e+03
1.642852210998535156e+01 1.009064745840380283e+03 1.011822718461797876e+03
1.646185278892517090e+01 9.997627555353511752e+02 1.011822718461797876e+03
1.649531149864196777e+01 9.905870828193809530e+02 1.011822718461797876e+03
1.652879762649536133e+01 9.815339329339319647e+02 1.011822718461797876e+03
1.656239342689514160e+01 9.724539770382574488e+02 1.011822718461797876e+03
1.659527325630187988e+01 9.635354781415123853e+02 1.011822718461797876e+03
1.662818455696105957e+01 9.545642211626695826e+02 1.011822718461797876e+03
1.666168022155761719e+01 9.458312087513975257e+02 1.011822718461797876e+03
1.668952393531799316e+01 9.370362119991266354e+02 1.011822718461797876e+03
1.672157597541809082e+01 9.285690362002791289e+02 1.011822718461797876e+03
1.675738024711608887e+01 9.202254011619974108e+02 1.011822718461797876e+03
1.679512047767639160e+01 9.119825038107138653e+02 1.011822718461797876e+03
1.682774233818054199e+01 9.039887095144927116e+02 1.011822718461797876e+03
1.686037850379943848e+01 8.961111131934897003e+02 1.011822718461797876e+03
1.688724827766418457e+01 8.884889241797997101e+02 1.011822718461797876e+03
1.692078900337219238e+01 8.810920664015792454e+02 1.011822718461797876e+03
1.695349240303039551e+01 8.737721003271409472e+02 1.011822718461797876e+03
1.699353933334350586e+01 8.667361969870970597e+02 1.011822718461797876e+03
1.702849602699279785e+01 8.597295680730883305e+02 1.011822718461797876e+03
1.706191444396972656e+01 8.530657413587473457e+02 1.011822718461797876e+03
1.709483909606933594e+01 8.465789943880191686e+02 1.011822718461797876e+03
1.712867879867553711e+01 8.404650447526578319e+02 1.011822718461797876e+03
1.716180300712585449e+01 8.342987612393898189e+02 1.011822718461797876e+03
1.719534039497375488e+01 8.283990285166140666e+02 1.011822718461797876e+03
1.722638821601867676e+01 8.225872907848774958e+02 1.011822718461797876e+03
1.725892043113708496e+01 8.170736826396685046e+02 1.011822718461797876e+03
1.729620409011840820e+01 8.116362065979855061e+02 1.011822718461797876e+03
1.732944035530090332e+01 8.065173550407187122e+02 1.011822718461797876e+03
1.736220669746398926e+01 8.016471645039760006e+02 1.011822718461797876e+03
1.739637732505798340e+01 7.969172485661235896e+02 1.011822718461797876e+03
1.742977094650268555e+01 7.925974707749667232e+02 1.011822718461797876e+03
1.746214175224304199e+01 7.884428084219289303e+02 1.011822718461797876e+03
1.749670958518981934e+01 7.847199023624970096e+02 1.011822718461797876e+03
1.752971792221069336e+01 7.811933311222408065e+02 1.011822718461797876e+03
1.756223535537719727e+01 7.778863960727960603e+02 1.011822718461797876e+03
1.759597969055175781e+01 7.750043792041097959e+02 1.011822718461797876e+03
1.762898802757263184e+01 7.724642283839431229e+02 1.011822718461797876e+03
1.766308832168579102e+01 7.702039409484315229e+02 1.011822718461797876e+03
1.769582009315490723e+01 7.682770491816963840e+02 1.011822718461797876e+03
1.772393083572387695e+01 7.665631280739681870e+02 1.011822718461797876e+03
1.775786852836608887e+01 7.652740357147562236e+02 1.011822718461797876e+03
1.779601049423217773e+01 7.643142998035359597e+02 1.011822718461797876e+03
1.782965850830078125e+01 7.635275612530687113e+02 1.011822718461797876e+03
1.786287021636962891e+01 7.631208529895544643e+02 1.011822718461797876e+03
1.788924121856689453e+01 7.631835844877839463e+02 1.011822718461797876e+03
1.792050743103027344e+01 7.633009883431548133e+02 1.011822718461797876e+03
1.795473194122314453e+01 7.638703306363104275e+02 1.011822718461797876e+03
1.799231410026550293e+01 7.646108830144405601e+02 1.011822718461797876e+03
1.802788281440734863e+01 7.657790183926485952e+02 1.011822718461797876e+03
1.806202054023742676e+01 7.668705110780952054e+02 1.011822718461797876e+03
1.809518122673034668e+01 7.682008267274582067e+02 1.011822718461797876e+03
1.812838959693908691e+01 7.698603520903991466e+02 1.011822718461797876e+03
1.816175532341003418e+01 7.716298340004049123e+02 1.011822718461797876e+03
1.819496870040893555e+01 7.737332213844094895e+02 1.011822718461797876e+03
1.822833824157714844e+01 7.757171367810612992e+02 1.011822718461797876e+03
1.826177740097045898e+01 7.778346660853708272e+02 1.011822718461797876e+03
1.829238033294677734e+01 7.804489661046256970e+02 1.011822718461797876e+03
1.832065367698669434e+01 7.828896353664008529e+02 1.011822718461797876e+03
1.835485363006591797e+01 7.853963615377774659e+02 1.011822718461797876e+03
1.839078259468078613e+01 7.882076302692348690e+02 1.011822718461797876e+03
1.842227506637573242e+01 7.912637774630539980e+02 1.011822718461797876e+03
1.845630955696105957e+01 7.942644647670963423e+02 1.011822718461797876e+03
1.849559807777404785e+01 7.979586024926535401e+02 1.011822718461797876e+03
1.852950739860534668e+01 8.015167613803943141e+02 1.011822718461797876e+03
1.856277680397033691e+01 8.048790661867494691e+02 1.011822718461797876e+03
1.859590554237365723e+01 8.089059611014018856e+02 1.011822718461797876e+03
1.862604260444641113e+01 8.132398214938455112e+02 1.011822718461797876e+03
1.865909171104431152e+01 8.180858178279958111e+02 1.011822718461797876e+03
1.869283747673034668e+01 8.228779091950390239e+02 1.011822718461797876e+03
1.872083353996276855e+01 8.281214988606320730e+02 1.011822718461797876e+03
1.875512075424194336e+01 8.335976384688190137e+02 1.011822718461797876e+03
1.879530286788940430e+01 8.392141923717686041e+02 1.011822718461797876e+03
1.882936334609985352e+01 8.451613228870768353e+02 1.011822718461797876e+03
1.885429954528808594e+01 8.516692547551785992e+02 1.011822718461797876e+03
1.888822245597839355e+01 8.582141854139030102e+02 1.011822718461797876e+03
1.892061400413513184e+01 8.651973026361041548e+02 1.011822718461797876e+03
1.895394492149353027e+01 8.725353291754615839e+02 1.011822718461797876e+03
1.899076271057128906e+01 8.800183631028216951e+02 1.011822718461797876e+03
1.902879142761230469e+01 8.875787087133807063e+02 1.011822718461797876e+03
1.905703902244567871e+01 8.960773495053138049e+02 1.011822718461797876e+03
1.908882308006286621e+01 9.039673936190120003e+02 1.011822718461797876e+03
1.912469172477722168e+01 9.125643257680923170e+02 1.011822718461797876e+03
1.916352033615112305e+01 9.209781743344434517e+02 1.011822718461797876e+03
1.919559884071350098e+01 9.299961679025590229e+02 1.011822718461797876e+03
1.922655653953552246e+01 9.388787441069119950e+02 1.011822718461797876e+03
1.926021432876586914e+01 9.480294740149424797e+02 1.011822718461797876e+03
1.929312920570373535e+01 9.573447750695459035e+02 1.011822718461797876e+03
1.932608652114868164e+01 9.667459193395117154e+02 1.011822718461797876e+03
1.935959172248840332e+01 9.765215967458326531e+02 1.011822718461797876e+03
1.939326357841491699e+01 9.861927701288411754e+02 1.011822718461797876e+03
1.942861628532409668e+01 9.961195718231863339e+02 1.011822718461797876e+03
1.946260213851928711e+01 1.006170626853920112e+03 1.011822718461797876e+03
1.949554991722106934e+01 1.016534754879778461e+03 1.011822718461797876e+03
1.952922797203063965e+01 1.026534967413209415e+03 1.011822718461797876e+03
1.956183052062988281e+01 1.036873554252112172e+03 1.011822718461797876e+03
1.959547495841979980e+01 1.047380956469689409e+03 1.011822718461797876e+03
1.962856483459472656e+01 1.058081548924333447e+03 1.011822718461797876e+03
1.966161537170410156e+01 1.068788500718174419e+03 1.011822718461797876e+03
1.969569683074951172e+01 1.079479497755360171e+03 1.011822718461797876e+03
1.972555899620056152e+01 1.090095256818772441e+03 1.011822718461797876e+03
1.975441575050354004e+01 1.100969082971536636e+03 1.011822718461797876e+03
1.978816127777099609e+01 1.111852260960033846e+03 1.011822718461797876e+03
1.982665061950683594e+01 1.122569755551034177e+03 1.011822718461797876e+03
1.986292767524719238e+01 1.133102818794671066e+03 1.011822718461797876e+03
1.988715362548828125e+01 1.143977805640195129e+03 1.011822718461797876e+03
1.992076182365417480e+01 1.154332551702511637e+03 1.011822718461797876e+03
1.995418930053710938e+01 1.164613205103553128e+03 1.011822718461797876e+03
1.999190688133239746e+01 1.174707287303288240e+03 1.011822718461797876e+03
2.002790665626525879e+01 1.184565987018977921e+03 1.011822718461797876e+03
2.006176185607910156e+01 1.194008145287202979e+03 1.011822718461797876e+03
2.009573817253112793e+01 1.203260237491390399e+03 1.011822718461797876e+03
2.012921023368835449e+01 1.212406286483397253e+03 1.011822718461797876e+03
2.016148829460144043e+01 1.221105143068551115e+03 1.011822718461797876e+03
2.019551062583923340e+01 1.229511895938405132e+03 1.011822718461797876e+03
2.022834181785583496e+01 1.237687227469292338e+03 1.011822718461797876e+03
2.026214933395385742e+01 1.245614325709854029e+03 1.011822718461797876e+03
2.029226279258728027e+01 1.253103291647795231e+03 1.011822718461797876e+03
2.032563853263854980e+01 1.260317732112169551e+03 1.011822718461797876e+03
2.035980129241943359e+01 1.267102186708097634e+03 1.011822718461797876e+03
2.039235758781433105e+01 1.273599488024714674e+03 1.011822718461797876e+03
2.042584991455078125e+01 1.279519488773792546e+03 1.011822718461797876e+03
2.046056938171386719e+01 1.285084074272361022e+03 1.011822718461797876e+03
2.049430990219116211e+01 1.290443981524241053e+03 1.011822718461797876e+03
2.052756476402282715e+01 1.295154139852080789e+03 1.011822718461797876e+03
2.056106948852539062e+01 1.299701131764747515e+03 1.011822718461797876e+03
2.059382605552673340e+01 1.303545443516669138e+03 1.011822718461797876e+03
2.062719202041625977e+01 1.306942130909246771e+03 1.011822718461797876e+03
2.066159510612487793e+01 1.310013483663139368e+03 1.011822718461797876e+03
2.069449877738952637e+01 1.312545609612674980e+03 1.011822718461797876e+03
2.072080111503601074e+01 1.314532155780022094e+03 1.011822718461797876e+03
2.075479507446289062e+01 1.316157368357111864e+03 1.011822718461797876e+03
2.079255819320678711e+01 1.317108607932777204e+03 1.011822718461797876e+03
2.082875132560729980e+01 1.317792813690954972e+03 1.011822718461797876e+03
2.086345887184143066e+01 1.317727647433745233e+03 1.011822718461797876e+03
2.088772678375244141e+01 1.317230846044142254e+03 1.011822718461797876e+03
2.092058563232421875e+01 1.316155421576410845e+03 1.011822718461797876e+03
2.095384359359741211e+01 1.314662862371288156e+03 1.011822718461797876e+03
2.099476623535156250e+01 1.312565307261335875e+03 1.011822718461797876e+03
2.102898120880126953e+01 1.310061005339003259e+03 1.011822718461797876e+03
2.106127882003784180e+01 1.307045732664096249e+03 1.011822718461797876e+03
2.109511160850524902e+01 1.303551017861367654e+03 1.011822718461797876e+03
2.112818431854248047e+01 1.299474598716297578e+03 1.011822718461797876e+03
2.116202187538146973e+01 1.295106027828883498e+03 1.011822718461797876e+03
2.119560766220092773e+01 1.290339666184341013e+03 1.011822718461797876e+03
2.122824406623840332e+01 1.284866121266829623e+03 1.011822718461797876e+03
2.126186037063598633e+01 1.279203382098177144e+03 1.011822718461797876e+03
2.129511308670043945e+01 1.272859109501358944e+03 1.011822718461797876e+03
2.132840943336486816e+01 1.266554886878908519e+03 1.011822718461797876e+03
2.136204075813293457e+01 1.259481653832412121e+03 1.011822718461797876e+03
2.139526391029357910e+01 1.252131099544709286e+03 1.011822718461797876e+03
2.142821621894836426e+01 1.244555093280200708e+03 1.011822718461797876e+03
2.146192502975463867e+01 1.236544484242038379e+03 1.011822718461797876e+03
2.149517798423767090e+01 1.228219730105276767e+03 1.011822718461797876e+03
2.152849912643432617e+01 1.219724589685222554e+03 1.011822718461797876e+03
2.156141304969787598e+01 1.210680141025632565e+03 1.011822718461797876e+03
2.158946251869201660e+01 1.201454864264622302e+03 1.011822718461797876e+03
2.162426376342773438e+01 1.192112460359170427e+03 1.011822718461797876e+03
2.166131067276000977e+01 1.182337930822502585e+03 1.011822718461797876e+03
2.169494366645812988e+01 1.172284500301903563e+03 1.011822718461797876e+03
2.172090315818786621e+01 1.162332655939702363e+03 1.011822718461797876e+03
2.176234340667724609e+01 1.151820354028064003e+03 1.011822718461797876e+03
2.179611849784851074e+01 1.141124614370865629e+03 1.011822718461797876e+03
2.182947421073913574e+01 1.130309810967908561e+03 1.011822718461797876e+03
2.186251020431518555e+01 1.119515402483639718e+03 1.011822718461797876e+03
2.188735938072204590e+01 1.108390595054412188e+03 1.011822718461797876e+03
2.192045164108276367e+01 1.097254381887448517e+03 1.011822718461797876e+03
2.195388841629028320e+01 1.086410959361445066e+03 1.011822718461797876e+03
2.199428558349609375e+01 1.075484949998327011e+03 1.011822718461797876e+03
2.202751302719116211e+01 1.064284432874781942e+03 1.011822718461797876e+03
2.206175947189331055e+01 1.053183512364639682e+03 1.011822718461797876e+03
2.209486198425292969e+01 1.041908804679675086e+03 1.011822718461797876e+03
2.212883567810058594e+01 1.030699949468370505e+03 1.011822718461797876e+03
2.216180801391601562e+01 1.019663847946354167e+03 1.011822718461797876e+03
2.219530248641967773e+01 1.008751580784715202e+03 1.011822718461797876e+03
2.222685098648071289e+01 9.978701756286593536e+02 1.011822718461797876e+03
2.225905704498291016e+01 9.871066384656177206e+02 1.011822718461797876e+03
2.229253673553466797e+01 9.764414772224796479e+02 1.011822718461797876e+03
2.232963848114013672e+01 9.660278496736566467e+02 1.011822718461797876e+03
2.236244249343872070e+01 9.558190913593532514e+02 1.011822718461797876e+03
2.239591217041015625e+01 9.457650117637712128e+02 1.011822718461797876e+03
2.242660140991210938e+01 9.359341687244822197e+02 1.011822718461797876e+03
2.245979046821594238e+01 9.263269064838962095e+02 1.011822718461797876e+03
2.249619626998901367e+01 9.169665458353209715e+02 1.011822718461797876e+03
2.252901721000671387e+01 9.078009981972102196e+02 1.011822718461797876e+03
2.256279444694519043e+01 8.988615244741539527e+02 1.011822718461797876e+03
2.259686231613159180e+01 8.902005345317053298e+02 1.011822718461797876e+03
2.262945890426635742e+01 8.819657041637652810e+02 1.011822718461797876e+03
2.266037297248840332e+01 8.739992815722201840e+02 1.011822718461797876e+03
2.269307661056518555e+01 8.661785363948305303e+02 1.011822718461797876e+03
2.272629427909851074e+01 8.588971832738714056e+02 1.011822718461797876e+03
2.275947260856628418e+01 8.516966510001266215e+02 1.011822718461797876e+03
2.279351568222045898e+01 8.449052985836542575e+02 1.011822718461797876e+03
2.282641482353210449e+01 8.384547180164622660e+02 1.011822718461797876e+03
2.285950040817260742e+01 8.322685051303930095e+02 1.011822718461797876e+03
2.288722229003906250e+01 8.264996818002629198e+02 1.011822718461797876e+03
2.292034506797790527e+01 8.208188221668523283e+02 1.011822718461797876e+03
2.295416069030761719e+01 8.155462650902989026e+02 1.011822718461797876e+03
2.299440908432006836e+01 8.106154339485742639e+02 1.011822718461797876e+03
2.302861094474792480e+01 8.059417475287517618e+02 1.011822718461797876e+03
2.306165838241577148e+01 8.014604097757257932e+02 1.011822718461797876e+03
2.309495830535888672e+01 7.973146158358822504e+02 1.011822718461797876e+03
2.312816166877746582e+01 7.935024723675564928e+02 1.011822718461797876e+03
2.316152024269104004e+01 7.900026559742480003e+02 1.011822718461797876e+03
2.319519662857055664e+01 7.868428478975007465e+02 1.011822718461797876e+03
2.322832703590393066e+01 7.839475497013737595e+02 1.011822718461797876e+03
2.326190853118896484e+01 7.811889151432352492e+02 1.011822718461797876e+03
2.329351592063903809e+01 7.792028742133320520e+02 1.011822718461797876e+03
2.332162427902221680e+01 7.764802796887850036e+02 1.011822718461797876e+03
2.335503482818603516e+01 7.747882479851153903e+02 1.011822718461797876e+03
2.339587616920471191e+01 7.731214480082837781e+02 1.011822718461797876e+03
2.342989611625671387e+01 7.720190772094653084e+02 1.011822718461797876e+03
2.346272087097167969e+01 7.710384250646588953e+02 1.011822718461797876e+03
2.349594449996948242e+01 7.699631891712850802e+02 1.011822718461797876e+03
2.352630281448364258e+01 7.696067746491870594e+02 1.011822718461797876e+03
2.355959534645080566e+01 7.696627083676548864e+02 1.011822718461797876e+03
2.359277343750000000e+01 7.698686842109574400e+02 1.011822718461797876e+03
2.362841439247131348e+01 7.709795733865767033e+02 1.011822718461797876e+03
2.366173934936523438e+01 7.717755289734848247e+02 1.011822718461797876e+03
2.369543719291687012e+01 7.729455983064592601e+02 1.011822718461797876e+03
2.372115802764892578e+01 7.742098955722760820e+02 1.011822718461797876e+03
2.375518822669982910e+01 7.760644350170861117e+02 1.011822718461797876e+03
2.379181313514709473e+01 7.783061082039025678e+02 1.011822718461797876e+03
2.382101774215698242e+01 7.809189897545988970e+02 1.011822718461797876e+03
2.385601854324340820e+01 7.836242445190226817e+02 1.011822718461797876e+03
2.388803911209106445e+01 7.868259812171596650e+02 1.011822718461797876e+03
2.392064094543457031e+01 7.904767412274834442e+02 1.011822718461797876e+03
2.395391368865966797e+01 7.944172913567257410e+02 1.011822718461797876e+03
2.399105167388916016e+01 7.985085436518519373e+02 1.011822718461797876e+03
2.402798318862915039e+01 8.030417486280493904e+02 1.011822718461797876e+03
2.406132245063781738e+01 8.079631589630961344e+02 1.011822718461797876e+03
2.409470653533935547e+01 8.131734150629612259e+02 1.011822718461797876e+03
2.412831401824951172e+01 8.186870120624408855e+02 1.011822718461797876e+03
2.416197133064270020e+01 8.245679254104915117e+02 1.011822718461797876e+03
2.419476628303527832e+01 8.308474569043270321e+02 1.011822718461797876e+03
2.422897887229919434e+01 8.371199197856274168e+02 1.011822718461797876e+03
2.425423097610473633e+01 8.438681320136779505e+02 1.011822718461797876e+03
2.428828668594360352e+01 8.508494458253799166e+02 1.011822718461797876e+03
2.432505989074707031e+01 8.581183121509651528e+02 1.011822718461797876e+03
2.436214494705200195e+01 8.656085451365388508e+02 1.011822718461797876e+03
2.439566516876220703e+01 8.732800394160091173e+02 1.011822718461797876e+03
2.442949414253234863e+01 8.812315795733285313e+02 1.011822718461797876e+03
2.445440101623535156e+01 8.892956152653805475e+02 1.011822718461797876e+03
2.448834919929504395e+01 8.977846007968663571e+02 1.011822718461797876e+03
2.452869176864624023e+01 9.063689290001577774e+02 1.011822718461797876e+03
2.456285738945007324e+01 9.150858598059156748e+02 1.011822718461797876e+03
2.459598088264465332e+01 9.241765380743045171e+02 1.011822718461797876e+03
2.462982845306396484e+01 9.334486465753860784e+02 1.011822718461797876e+03
2.466248965263366699e+01 9.427482380936852451e+02 1.011822718461797876e+03
2.469627833366394043e+01 9.522948855491188169e+02 1.011822718461797876e+03
2.472602605819702148e+01 9.620171727686507666e+02 1.011822718461797876e+03
2.475953412055969238e+01 9.716220236051817665e+02 1.011822718461797876e+03
2.479291224479675293e+01 9.816207676285150683e+02 1.011822718461797876e+03
2.482638430595397949e+01 9.915174706195708723e+02 1.011822718461797876e+03
2.485986781120300293e+01 1.001361687475089639e+03 1.011822718461797876e+03
2.488808631896972656e+01 1.011546567609072781e+03 1.011822718461797876e+03
2.492082834243774414e+01 1.021421951626959185e+03 1.011822718461797876e+03
2.495398426055908203e+01 1.031365187845535274e+03 1.011822718461797876e+03
2.498914480209350586e+01 1.041022693228347862e+03 1.011822718461797876e+03
2.502842235565185547e+01 1.050801602706532549e+03 1.011822718461797876e+03
2.506218194961547852e+01 1.060333964653681051e+03 1.011822718461797876e+03
2.509207582473754883e+01 1.069629918444142959e+03 1.011822718461797876e+03
2.512766480445861816e+01 1.078989609804560587e+03 1.011822718461797876e+03
2.516134834289550781e+01 1.087827155939259683e+03 1.011822718461797876e+03
2.519441294670104980e+01 1.096848686726796586e+03 1.011822718461797876e+03
2.522722053527832031e+01 1.105336817940649098e+03 1.011822718461797876e+03
2.526141762733459473e+01 1.113926195640456399e+03 1.011822718461797876e+03
2.529460287094116211e+01 1.122393493643409784e+03 1.011822718461797876e+03
2.532834100723266602e+01 1.130536865110355393e+03 1.011822718461797876e+03
2.536128520965576172e+01 1.138542752297735888e+03 1.011822718461797876e+03
2.539435219764709473e+01 1.146517444428282033e+03 1.011822718461797876e+03
2.542722582817077637e+01 1.154039097740928128e+03 1.011822718461797876e+03
2.546117091178894043e+01 1.161273742406341626e+03 1.011822718461797876e+03
2.549423718452453613e+01 1.168308216239242711e+03 1.011822718461797876e+03
2.552756690979003906e+01 1.174929091982925911e+03 1.011822718461797876e+03
2.556092095375061035e+01 1.181093804533138155e+03 1.011822718461797876e+03
2.559422588348388672e+01 1.186944378628174491e+03 1.011822718461797876e+03
2.562734603881835938e+01 1.192275050967973584e+03 1.011822718461797876e+03
2.566102290153503418e+01 1.197333542555269787e+03 1.011822718461797876e+03
2.569470047950744629e+01 1.201969979038833799e+03 1.011822718461797876e+03
2.572308230400085449e+01 1.206137619037909644e+03 1.011822718461797876e+03
2.575515341758728027e+01 1.209724110372543464e+03 1.011822718461797876e+03
2.579171991348266602e+01 1.213076315615355952e+03 1.011822718461797876e+03
2.582546854019165039e+01 1.216184744246874743e+03 1.011822718461797876e+03
2.585916018486022949e+01 1.218424262495100265e+03 1.011822718461797876e+03
2.588902139663696289e+01 1.220461776647362740e+03 1.011822718461797876e+03
2.592103123664855957e+01 1.222004803880095324e+03 1.011822718461797876e+03
2.595386099815368652e+01 1.223108123970473798e+03 1.011822718461797876e+03
2.598908782005310059e+01 1.223629680592174509e+03 1.011822718461797876e+03
2.602812695503234863e+01 1.223543558899947584e+03 1.011822718461797876e+03
2.606168437004089355e+01 1.223208147577313412e+03 1.011822718461797876e+03
2.609530019760131836e+01 1.222244024823087557e+03 1.011822718461797876e+03
2.612947463989257812e+01 1.221075145872103803e+03 1.011822718461797876e+03
2.616176414489746094e+01 1.219178172709467162e+03 1.011822718461797876e+03
2.619470238685607910e+01 1.217189408622021574e+03 1.011822718461797876e+03
2.622869157791137695e+01 1.214559067454905744e+03 1.011822718461797876e+03
2.626198506355285645e+01 1.211451549633002742e+03 1.011822718461797876e+03
2.629582333564758301e+01 1.207759079097187850e+03 1.011822718461797876e+03
2.632859182357788086e+01 1.203925678221204407e+03 1.011822718461797876e+03
2.636145925521850586e+01 1.199763472428063096e+03 1.011822718461797876e+03
2.639492177963256836e+01 1.194949643152571070e+03 1.011822718461797876e+03
2.642868471145629883e+01 1.189629737443372505e+03 1.011822718461797876e+03
2.646235632896423340e+01 1.184388021082126897e+03 1.011822718461797876e+03
2.649551749229431152e+01 1.178360425384086284e+03 1.011822718461797876e+03
2.652954983711242676e+01 1.172100720578300525e+03 1.011822718461797876e+03
2.656151890754699707e+01 1.165572323461782389e+03 1.011822718461797876e+03
2.659512138366699219e+01 1.158719281303829121e+03 1.011822718461797876e+03
2.662946915626525879e+01 1.151526358620816154e+03 1.011822718461797876e+03
2.666213417053222656e+01 1.144182207353111153e+03 1.011822718461797876e+03
2.669574451446533203e+01 1.136738794259110364e+03 1.011822718461797876e+03
2.672608900070190430e+01 1.129035397750619495e+03 1.011822718461797876e+03
2.675890803337097168e+01 1.120988457238895535e+03 1.011822718461797876e+03
2.679214525222778320e+01 1.112744460233523341e+03 1.011822718461797876e+03
2.682558035850524902e+01 1.104298761102821572e+03 1.011822718461797876e+03
2.685951113700866699e+01 1.095962230536412335e+03 1.011822718461797876e+03
2.688727140426635742e+01 1.087456512614423900e+03 1.011822718461797876e+03
2.692091751098632812e+01 1.078972332206446254e+03 1.011822718461797876e+03
2.695390844345092773e+01 1.070319370438028955e+03 1.011822718461797876e+03
2.698940944671630859e+01 1.061642419644228994e+03 1.011822718461797876e+03
2.702805185317993164e+01 1.053119097826125198e+03 1.011822718461797876e+03
2.706220221519470215e+01 1.044589123460847532e+03 1.011822718461797876e+03
2.709507822990417480e+01 1.036402604574286443e+03 1.011822718461797876e+03
2.712822294235229492e+01 1.028072263669426547e+03 1.011822718461797876e+03
2.716170334815979004e+01 1.019805084205629555e+03 1.011822718461797876e+03
2.718889522552490234e+01 1.011828665184779993e+03 1.011822718461797876e+03
2.722118091583251953e+01 1.004043543869428049e+03 1.011822718461797876e+03
2.726281642913818359e+01 9.964586696181175967e+02 1.011822718461797876e+03
2.729657840728759766e+01 9.891298209750402748e+02 1.011822718461797876e+03
2.732630825042724609e+01 9.821402599853822721e+02 1.011822718461797876e+03
2.735983729362487793e+01 9.751748641077518869e+02 1.011822718461797876e+03
2.739340400695800781e+01 9.686525332810228974e+02 1.011822718461797876e+03
2.742614555358886719e+01 9.625215953774971922e+02 1.011822718461797876e+03
2.746216750144958496e+01 9.565274468093545011e+02 1.011822718461797876e+03
2.749498486518859863e+01 9.505776307831611120e+02 1.011822718461797876e+03
2.752855515480041504e+01 9.453534193938432963e+02 1.011822718461797876e+03
2.756297230720520020e+01 9.401956110221329936e+02 1.011822718461797876e+03
2.759530758857727051e+01 9.355120776672392822e+02 1.011822718461797876e+03
2.762863969802856445e+01 9.311260208353673988e+02 1.011822718461797876e+03
2.766192626953125000e+01 9.270044510601479715e+02 1.011822718461797876e+03
2.769331598281860352e+01 9.233933946603382310e+02 1.011822718461797876e+03
2.772080588340759277e+01 9.200370005329192509e+02 1.011822718461797876e+03
2.776303386688232422e+01 9.171648994887324307e+02 1.011822718461797876e+03
2.779672503471374512e+01 9.145889017095970530e+02 1.011822718461797876e+03
2.783056020736694336e+01 9.125119765700771950e+02 1.011822718461797876e+03
2.785988140106201172e+01 9.104830936525918332e+02 1.011822718461797876e+03
2.789495277404785156e+01 9.088229863040398868e+02 1.011822718461797876e+03
2.792076182365417480e+01 9.076044647475977172e+02 1.011822718461797876e+03
2.795420742034912109e+01 9.066056944815769612e+02 1.011822718461797876e+03
2.798689508438110352e+01 9.057709853063852279e+02 1.011822718461797876e+03
2.802763533592224121e+01 9.052212086977863237e+02 1.011822718461797876e+03
2.806181931495666504e+01 9.050945613030161212e+02 1.011822718461797876e+03
2.809509420394897461e+01 9.050845010029742070e+02 1.011822718461797876e+03
2.812829351425170898e+01 9.055711054088878882e+02 1.011822718461797876e+03
2.816175556182861328e+01 9.065578706961259741e+02 1.011822718461797876e+03
2.818937397003173828e+01 9.073272857201581019e+02 1.011822718461797876e+03
2.822372817993164062e+01 9.083080701792863465e+02 1.011822718461797876e+03
2.826117801666259766e+01 9.094512999948084371e+02 1.011822718461797876e+03
2.829496455192565918e+01 9.109364091639059779e+02 1.011822718461797876e+03
2.832810783386230469e+01 9.126010389026437224e+02 1.011822718461797876e+03
2.836148190498352051e+01 9.144029497382272211e+02 1.011822718461797876e+03
2.839500355720520020e+01 9.162906865036362660e+02 1.011822718461797876e+03
2.842837524414062500e+01 9.184160776672583779e+02 1.011822718461797876e+03
2.846208524703979492e+01 9.204448745404630472e+02 1.011822718461797876e+03
2.849458360671997070e+01 9.228182999603967573e+02 1.011822718461797876e+03
2.852839946746826172e+01 9.250840291326234137e+02 1.011822718461797876e+03
2.856216311454772949e+01 9.272946853487392218e+02 1.011822718461797876e+03
2.859552669525146484e+01 9.298797886018278405e+02 1.011822718461797876e+03
2.862826538085937500e+01 9.326303092869288776e+02 1.011822718461797876e+03
2.866255450248718262e+01 9.352902219539053021e+02 1.011822718461797876e+03
2.869539880752563477e+01 9.380324510529341069e+02 1.011822718461797876e+03
2.872855782508850098e+01 9.409120027824650379e+02 1.011822718461797876e+03
2.876199316978454590e+01 9.437793545219753923e+02 1.011822718461797876e+03
2.879498648643493652e+01 9.465751581253496170e+02 1.011822718461797876e+03
2.882812285423278809e+01 9.495833717964483185e+02 1.011822718461797876e+03
2.885410308837890625e+01 9.524941413306678442e+02 1.011822718461797876e+03
2.888743138313293457e+01 9.554902712517828149e+02 1.011822718461797876e+03
2.892043328285217285e+01 9.586317685696265016e+02 1.011822718461797876e+03
2.895387744903564453e+01 9.614397387239666841e+02 1.011822718461797876e+03
2.898773574829101562e+01 9.643830854675676392e+02 1.011822718461797876e+03
2.902088642120361328e+01 9.673065210206511892e+02 1.011822718461797876e+03
2.906250262260437012e+01 9.702290631292321450e+02 1.011822718461797876e+03
2.909612512588500977e+01 9.727966507353337420e+02 1.011822718461797876e+03
2.912186670303344727e+01 9.757180597571477847e+02 1.011822718461797876e+03
2.915441703796386719e+01 9.787113132452226409e+02 1.011822718461797876e+03
2.918824410438537598e+01 9.816249756145887204e+02 1.011822718461797876e+03
2.922257828712463379e+01 9.847085706551755493e+02 1.011822718461797876e+03
2.926231694221496582e+01 9.874273929308614015e+02 1.011822718461797876e+03
2.929653191566467285e+01 9.901784404283755521e+02 1.011822718461797876e+03
2.932921075820922852e+01 9.929219080383340952e+02 1.011822718461797876e+03
2.936379456520080566e+01 9.956661391994776977e+02 1.011822718461797876e+03
2.939283394813537598e+01 9.982699561039290757e+02 1.011822718461797876e+03
2.942643022537231445e+01 1.000823228888074482e+03 1.011822718461797876e+03
2.945948839187622070e+01 1.003504290492955306e+03 1.011822718461797876e+03
2.949261522293090820e+01 1.006052679329733678e+03 1.011822718461797876e+03
2.952596068382263184e+01 1.008625387170005524e+03 1.011822718461797876e+03
2.956030464172363281e+01 1.010972804093969899e+03 1.011822718461797876e+03
2.959615492820739746e+01 1.013360831091826981e+03 1.011822718461797876e+03
2.962932181358337402e+01 1.015620042203676462e+03 1.011822718461797876e+03
2.966315984725952148e+01 1.017855843556965738e+03 1.011822718461797876e+03
2.969573187828063965e+01 1.019955184314478743e+03 1.011822718461797876e+03
2.972284770011901855e+01 1.021898290530021427e+03 1.011822718461797876e+03
2.975463080406188965e+01 1.023830785593387418e+03 1.011822718461797876e+03
2.979061222076416016e+01 1.025555247974148415e+03 1.011822718461797876e+03
2.982984328269958496e+01 1.027229493587961542e+03 1.011822718461797876e+03
2.986000633239746094e+01 1.028850430313629658e+03 1.011822718461797876e+03
2.988830137252807617e+01 1.030231970856237012e+03 1.011822718461797876e+03
2.992151236534118652e+01 1.031675057303179301e+03 1.011822718461797876e+03
2.995436072349548340e+01 1.032793929260801178e+03 1.011822718461797876e+03
2.998784303665161133e+01 1.034120348896783071e+03 1.011822718461797876e+03
3.002099871635437012e+01 1.035259005645245907e+03 2.118227184617978480e+02
3.005489015579223633e+01 1.036256653434764530e+03 2.118227184617978480e+02
3.009575390815734863e+01 1.036277357658674191e+03 2.118227184617978480e+02
3.012934088706970215e+01 1.034164473654114090e+03 2.118227184617978480e+02
3.016282558441162109e+01 1.030240277951892722e+03 2.118227184617978480e+02
3.019066047668457031e+01 1.024484483147051378e+03 2.118227184617978480e+02
3.022613024711608887e+01 1.017194653332246048e+03 2.118227184617978480e+02
3.026249384880065918e+01 1.008329002539549606e+03 2.118227184617978480e+02
3.029583930969238281e+01 9.981901676544096063e+02 2.118227184617978480e+02
3.032915592193603516e+01 9.865189356913099346e+02 2.118227184617978480e+02
3.036291861534118652e+01 9.732690849057640889e+02 2.118227184617978480e+02
3.039664006233215332e+01 9.590679723678023265e+02 2.118227184617978480e+02
3.042658019065856934e+01 9.435822962117476891e+02 2.118227184617978480e+02
3.045996975898742676e+01 9.269149679756552587e+02 2.118227184617978480e+02
3.049302363395690918e+01 9.091341576610335551e+02 2.118227184617978480e+02
3.052812838554382324e+01 8.902442410902676784e+02 2.118227184617978480e+02
3.056208467483520508e+01 8.703234902801802946e+02 2.118227184617978480e+02
3.059523701667785645e+01 8.491562427179394490e+02 2.118227184617978480e+02
3.062852644920349121e+01 8.273088130997867893e+02 2.118227184617978480e+02
3.066226196289062500e+01 8.044023032472847490e+02 2.118227184617978480e+02
3.069558763504028320e+01 7.804074975468190587e+02 2.118227184617978480e+02
3.072823858261108398e+01 7.558143547181117583e+02 2.118227184617978480e+02
3.075906538963317871e+01 7.302452401523702292e+02 2.118227184617978480e+02
3.079274106025695801e+01 7.040041826138683518e+02 2.118227184617978480e+02
3.082789826393127441e+01 6.771063873796742882e+02 2.118227184617978480e+02
3.086066436767578125e+01 6.495964770377631794e+02 2.118227184617978480e+02
3.089494943618774414e+01 6.216947609719472894e+02 2.118227184617978480e+02
3.092162084579467773e+01 5.933348273392338115e+02 2.118227184617978480e+02
3.095374822616577148e+01 5.644211240448256603e+02 2.118227184617978480e+02
3.098700308799743652e+01 5.353820089502465862e+02 2.118227184617978480e+02
3.102664971351623535e+01 5.055910913501223263e+02 2.118227184617978480e+02
3.106095862388610840e+01 4.757279177329770050e+02 2.118227184617978480e+02
3.109525275230407715e+01 4.459809256860676214e+02 2.118227184617978480e+02
3.112853646278381348e+01 4.154132467293752029e+02 2.118227184617978480e+02
3.116161370277404785e+01 3.844732972255475829e+02 2.118227184617978480e+02
3.119567728042602539e+01 3.532484311877633445e+02 2.118227184617978480e+02
3.122836685180664062e+01 3.214668044159225246e+02 2.118227184617978480e+02
3.126103353500366211e+01 2.896663648500291401e+02 2.118227184617978480e+02
3.129217195510864258e+01 2.576951911013908330e+02 2.118227184617978480e+02
3.132549190521240234e+01 2.257790447743085451e+02 2.118227184617978480e+02
3.135823297500610352e+01 1.937071217980037261e+02 2.118227184617978480e+02
3.139140367507934570e+01 1.617022542127677696e+02 2.118227184617978480e+02
3.142663216590881348e+01 1.295675241680687293e+02 2.118227184617978480e+02
3.146082925796508789e+01 9.737412687501623054e+01 2.118227184617978480e+02
3.149358606338500977e+01 6.542721191600340092e+01 2.118227184617978480e+02
3.152754378318786621e+01 3.403351363433846899e+01 2.118227184617978480e+02
3.156033682823181152e+01 8.765587118465749228e+00 2.118227184617978480e+02
3.159467554092407227e+01 2.356726572132917497e+01 2.118227184617978480e+02
3.162781167030334473e+01 4.534200611579937856e+01 2.118227184617978480e+02
3.166033339500427246e+01 6.396018151489202808e+01 2.118227184617978480e+02
3.169361066818237305e+01 8.179287088676936435e+01 2.118227184617978480e+02
3.172667717933654785e+01 9.850585400757222487e+01 2.118227184617978480e+02
3.175401473045349121e+01 1.138918818053931119e+02 2.118227184617978480e+02
3.178859448432922363e+01 1.282937011471642279e+02 2.118227184617978480e+02
3.182766628265380859e+01 1.413421713341471673e+02 2.118227184617978480e+02
3.186183762550354004e+01 1.533499436225147292e+02 2.118227184617978480e+02
3.189098310470581055e+01 1.642271041687945683e+02 2.118227184617978480e+02
3.192067265510559082e+01 1.740019550550648546e+02 2.118227184617978480e+02
3.195380258560180664e+01 1.824355967721226932e+02 2.118227184617978480e+02
3.198709964752197266e+01 1.903756582391762322e+02 2.118227184617978480e+02
3.202089619636535645e+01 1.972823237288072562e+02 2.118227184617978480e+02
3.205481386184692383e+01 2.025732146110957501e+02 2.118227184617978480e+02
3.209024524688720703e+01 2.071905399181851521e+02 2.118227184617978480e+02
3.212880253791809082e+01 2.112143022490337785e+02 2.118227184617978480e+02
3.216155648231506348e+01 2.141692761504656062e+02 2.118227184617978480e+02
3.219091725349426270e+01 2.164039550225307096e+02 2.118227184617978480e+02
3.222456049919128418e+01 2.180270844859736599e+02 2.118227184617978480e+02
3.226138639450073242e+01 2.187109159439612824e+02 2.118227184617978480e+02
3.229568099975585938e+01 2.188822464637155463e+02 2.118227184617978480e+02
3.232887578010559082e+01 2.180265132331183509e+02 2.118227184617978480e+02
3.236220121383666992e+01 2.166450433040278369e+02 2.118227184617978480e+02
3.239606165885925293e+01 2.147066238254086272e+02 2.118227184617978480e+02
3.242856597900390625e+01 2.121299800947760446e+02 2.118227184617978480e+02
3.246203923225402832e+01 2.086615785007706165e+02 2.118227184617978480e+02
3.249536395072937012e+01 2.048277955217291435e+02 2.118227184617978480e+02
3.252891564369201660e+01 2.005496675007240128e+02 2.118227184617978480e+02
3.256195020675659180e+01 1.956578543513494139e+02 2.118227184617978480e+02
3.259568953514099121e+01 1.902507317817123180e+02 2.118227184617978480e+02
3.262893176078796387e+01 1.846222751010613194e+02 2.118227184617978480e+02
3.266219401359558105e+01 1.782949029843658479e+02 2.118227184617978480e+02
3.269515299797058105e+01 1.715839110291225609e+02 2.118227184617978480e+02
3.272821569442749023e+01 1.646830031001335897e+02 2.118227184617978480e+02
3.275894308090209961e+01 1.569320553222931096e+02 2.118227184617978480e+02
3.279446053504943848e+01 1.489782497601036084e+02 2.118227184617978480e+02
3.282785773277282715e+01 1.402805354443674730e+02 2.118227184617978480e+02
3.286182284355163574e+01 1.311315724865959282e+02 2.118227184617978480e+02
3.289503431320190430e+01 1.175808847131320647e+02 2.118227184617978480e+02
3.292188739776611328e+01 9.902773309440678418e+01 2.118227184617978480e+02
