7.769680023193359375e-02 1.221634787287667834e+01 1.012199367280677052e+03
1.112551689147949219e-01 1.222761788728318066e+01 1.012199367280677052e+03
1.444592475891113281e-01 1.218601153628195810e+01 1.012199367280677052e+03
1.750612258911132812e-01 1.224765953584999068e+01 1.012199367280677052e+03
2.084231376647949219e-01 1.236715462212115746e+01 1.012199367280677052e+03
2.424068450927734375e-01 1.244022281190125057e+01 1.012199367280677052e+03
2.771627902984619141e-01 1.373331743290897755e+01 1.012199367280677052e+03
3.115818500518798828e-01 1.750252706647674827e+01 1.012199367280677052e+03
3.449029922485351562e-01 2.388931690936376739e+01 1.012199367280677052e+03
3.783216476440429688e-01 3.263800138042245891e+01 1.012199367280677052e+03
4.113442897796630859e-01 4.284733801681361598e+01 1.012199367280677052e+03
4.450793266296386719e-01 5.181504378140301981e+01 1.012199367280677052e+03
4.789285659790039062e-01 5.774865170976846684e+01 1.012199367280677052e+03
5.122411251068115234e-01 6.001659164666435231e+01 1.012199367280677052e+03
5.450880527496337891e-01 5.821663089305719296e+01 1.012199367280677052e+03
5.751175880432128906e-01 5.378466458982464360e+01 1.012199367280677052e+03
6.083693504333496094e-01 4.877181346271150630e+01 1.012199367280677052e+03
6.375112533569335938e-01 4.446889828935454148e+01 1.012199367280677052e+03
6.711523532867431641e-01 4.194987911431390160e+01 1.012199367280677052e+03
7.101397514343261719e-01 4.124699986591183176e+01 1.012199367280677052e+03
7.453849315643310547e-01 4.264735693174277742e+01 1.012199367280677052e+03
7.753617763519287109e-01 4.625322447923527136e+01 1.012199367280677052e+03
8.034811019897460938e-01 5.180153022396947904e+01 1.012199367280677052e+03
8.367273807525634766e-01 5.907510336240346049e+01 1.012199367280677052e+03
8.699598312377929688e-01 6.660357593199088910e+01 1.012199367280677052e+03
9.056811332702636719e-01 7.255771202286679511e+01 1.012199367280677052e+03
9.437143802642822266e-01 7.491309766234978440e+01 1.012199367280677052e+03
9.771611690521240234e-01 7.456066923775202326e+01 1.012199367280677052e+03
1.010745286941528320e+00 7.195444818361727357e+01 1.012199367280677052e+03
1.044320344924926758e+00 6.895018279511170078e+01 1.012199367280677052e+03
1.078053474426269531e+00 6.631245433209139151e+01 1.012199367280677052e+03
1.110459327697753906e+00 6.486287917134288250e+01 1.012199367280677052e+03
1.143922328948974609e+00 6.468105303126240813e+01 1.012199367280677052e+03
1.174856185913085938e+00 6.589805310971262031e+01 1.012199367280677052e+03
1.209970712661743164e+00 6.831338666819608818e+01 1.012199367280677052e+03
1.243235111236572266e+00 7.210378184091609910e+01 1.012199367280677052e+03
1.276449441909790039e+00 7.704004493635630979e+01 1.012199367280677052e+03
1.309882164001464844e+00 8.287788016294820181e+01 1.012199367280677052e+03
1.343243122100830078e+00 8.948495335489602098e+01 1.012199367280677052e+03
1.376216173171997070e+00 9.726919746108306697e+01 1.012199367280677052e+03
1.403424263000488281e+00 1.048505769708274187e+02 1.012199367280677052e+03
1.437571763992309570e+00 1.106042557874321375e+02 1.012199367280677052e+03
1.471602201461791992e+00 1.128626140325913099e+02 1.012199367280677052e+03
1.511760711669921875e+00 1.119363829390206888e+02 1.012199367280677052e+03
1.545273542404174805e+00 1.088213205070545655e+02 1.012199367280677052e+03
1.578446626663208008e+00 1.047546372289692869e+02 1.012199367280677052e+03
1.611366510391235352e+00 1.009406771173570547e+02 1.012199367280677052e+03
1.641919612884521484e+00 9.764790132762536246e+01 1.012199367280677052e+03
1.675715446472167969e+00 9.489530364006688501e+01 1.012199367280677052e+03
1.708305597305297852e+00 9.303148368589570794e+01 1.012199367280677052e+03
1.742104053497314453e+00 9.168562645867893934e+01 1.012199367280677052e+03
1.777602672576904297e+00 9.080332671338734940e+01 1.012199367280677052e+03
1.807317018508911133e+00 9.034531470769456973e+01 1.012199367280677052e+03
1.836292982101440430e+00 9.025982482944696983e+01 1.012199367280677052e+03
1.869759082794189453e+00 9.048269487910371822e+01 1.012199367280677052e+03
1.906409025192260742e+00 9.107293948467464872e+01 1.012199367280677052e+03
1.943845987319946289e+00 9.217274929080267043e+01 1.012199367280677052e+03
1.976818799972534180e+00 9.376381746917485316e+01 1.012199367280677052e+03
2.010516405105590820e+00 9.603239308477860448e+01 1.012199367280677052e+03
2.044261217117309570e+00 9.893614298357198322e+01 1.012199367280677052e+03
2.077155113220214844e+00 1.026822429725026495e+02 1.012199367280677052e+03
2.110360145568847656e+00 1.068876485846067652e+02 1.012199367280677052e+03
2.144291162490844727e+00 1.113076460938316075e+02 1.012199367280677052e+03
2.177356243133544922e+00 1.153404097239495627e+02 1.012199367280677052e+03
2.210373401641845703e+00 1.176976081174868938e+02 1.012199367280677052e+03
2.244298934936523438e+00 1.181620890495063918e+02 1.012199367280677052e+03
2.277575731277465820e+00 1.151442619153588538e+02 1.012199367280677052e+03
2.310623645782470703e+00 1.085418101188566453e+02 1.012199367280677052e+03
2.343976736068725586e+00 9.664825293523703920e+01 1.012199367280677052e+03
2.378032922744750977e+00 9.002922422473132258e+01 1.012199367280677052e+03
2.411834239959716797e+00 9.395202708380503509e+01 1.012199367280677052e+03
2.444668054580688477e+00 8.230922339314533076e+01 1.012199367280677052e+03
2.477906465530395508e+00 5.325353857347958808e+01 1.012199367280677052e+03
2.511105537414550781e+00 3.908522841935851488e+01 1.012199367280677052e+03
2.544449806213378906e+00 5.155279948950287405e+01 1.012199367280677052e+03
2.578095197677612305e+00 5.623828719047148184e+01 1.012199367280677052e+03
2.610968351364135742e+00 4.543829058800592691e+01 1.012199367280677052e+03
2.636883258819580078e+00 3.914593720593368431e+01 1.012199367280677052e+03
2.670935153961181641e+00 5.372158394715959417e+01 1.012199367280677052e+03
2.707958221435546875e+00 4.845027344358130961e+01 1.012199367280677052e+03
2.745176315307617188e+00 4.628585924581736322e+01 1.012199367280677052e+03
2.778904914855957031e+00 5.142320505635077410e+01 1.012199367280677052e+03
2.810573101043701172e+00 4.859998337124132206e+01 1.012199367280677052e+03
2.837229490280151367e+00 5.292189051854306570e+01 1.012199367280677052e+03
2.870209693908691406e+00 5.325942800730607019e+01 1.012199367280677052e+03
2.906749725341796875e+00 5.521190029140446853e+01 1.012199367280677052e+03
2.943730115890502930e+00 5.485808632712484467e+01 1.012199367280677052e+03
2.978169202804565430e+00 5.523768257477105692e+01 1.012199367280677052e+03
3.010543107986450195e+00 5.531793441120228039e+01 1.012199367280677052e+03
3.041184663772583008e+00 5.456710426327150287e+01 1.012199367280677052e+03
3.075018882751464844e+00 5.370071129487595840e+01 1.012199367280677052e+03
3.111867189407348633e+00 5.347074526203333988e+01 1.012199367280677052e+03
3.144724845886230469e+00 5.451811976652587077e+01 1.012199367280677052e+03
3.178401947021484375e+00 5.515319346244543652e+01 1.012199367280677052e+03
3.211198329925537109e+00 5.536766554468569979e+01 1.012199367280677052e+03
3.244296789169311523e+00 6.098403721137193401e+01 1.012199367280677052e+03
3.275548219680786133e+00 8.186012832198777289e+01 1.012199367280677052e+03
3.309415340423583984e+00 1.055980725362871055e+02 1.012199367280677052e+03
3.343014001846313477e+00 1.237427622283336035e+02 1.012199367280677052e+03
3.375774145126342773e+00 1.358991856209960076e+02 1.012199367280677052e+03
3.408818483352661133e+00 1.425270076148228213e+02 1.012199367280677052e+03
3.442309856414794922e+00 1.519072657324956879e+02 1.012199367280677052e+03
3.475460052490234375e+00 1.538978949231204183e+02 1.012199367280677052e+03
3.507036924362182617e+00 1.493328515450248801e+02 1.012199367280677052e+03
3.536864519119262695e+00 1.401090686512171999e+02 1.012199367280677052e+03
3.571779012680053711e+00 1.350755831893697234e+02 1.012199367280677052e+03
3.611778736114501953e+00 1.404401624279679766e+02 1.012199367280677052e+03
3.641080379486083984e+00 1.519860795005222087e+02 1.012199367280677052e+03
3.670725107192993164e+00 1.610335086036361929e+02 1.012199367280677052e+03
3.707918167114257812e+00 1.695748584399601100e+02 1.012199367280677052e+03
3.744668006896972656e+00 1.782090190284230857e+02 1.012199367280677052e+03
3.777851581573486328e+00 1.857330296178870697e+02 1.012199367280677052e+03
3.815113782882690430e+00 1.927668948199067245e+02 1.012199367280677052e+03
3.837735891342163086e+00 2.001803003561884680e+02 1.012199367280677052e+03
3.870527267456054688e+00 2.046723233248099802e+02 1.012199367280677052e+03
3.903651952743530273e+00 2.082513660433720588e+02 1.012199367280677052e+03
3.943426132202148438e+00 2.093136662367814438e+02 1.012199367280677052e+03
3.977374076843261719e+00 2.137711307075335014e+02 1.012199367280677052e+03
4.010951042175292969e+00 2.184105728169286635e+02 1.012199367280677052e+03
4.041535615921020508e+00 2.252501989960261426e+02 1.012199367280677052e+03
4.076465368270874023e+00 2.315036909500102809e+02 1.012199367280677052e+03
4.110178232192993164e+00 2.382558643970445758e+02 1.012199367280677052e+03
4.143247604370117188e+00 2.484428730074853888e+02 1.012199367280677052e+03
4.177234888076782227e+00 2.593168582570278886e+02 1.012199367280677052e+03
4.211014747619628906e+00 2.688764527760694705e+02 1.012199367280677052e+03
4.243211507797241211e+00 2.794179818515628995e+02 1.012199367280677052e+03
4.276997327804565430e+00 2.897638104894698472e+02 1.012199367280677052e+03
4.310581684112548828e+00 2.989693321013266427e+02 1.012199367280677052e+03
4.343358039855957031e+00 3.079608206629926599e+02 1.012199367280677052e+03
4.377094745635986328e+00 3.149994388773260994e+02 1.012199367280677052e+03
4.410007715225219727e+00 3.214193633698474173e+02 1.012199367280677052e+03
4.443967103958129883e+00 3.268003980705469758e+02 1.012199367280677052e+03
4.477894306182861328e+00 3.312033872874334861e+02 1.012199367280677052e+03
4.509933948516845703e+00 3.330859085026082198e+02 1.012199367280677052e+03
4.543224811553955078e+00 3.332770340652289178e+02 1.012199367280677052e+03
4.576895713806152344e+00 3.309675859357243439e+02 1.012199367280677052e+03
4.609853267669677734e+00 3.235618471022671088e+02 1.012199367280677052e+03
4.640082597732543945e+00 3.127663138281041597e+02 1.012199367280677052e+03
4.670405626296997070e+00 3.029872260871195522e+02 1.012199367280677052e+03
4.704963922500610352e+00 2.963494161971374297e+02 1.012199367280677052e+03
4.744539976119995117e+00 2.942619609020197800e+02 1.012199367280677052e+03
4.778799772262573242e+00 2.969677068444844394e+02 1.012199367280677052e+03
4.815679550170898438e+00 3.010054995800339270e+02 1.012199367280677052e+03
4.836430549621582031e+00 3.032865916638356794e+02 1.012199367280677052e+03
4.871441125869750977e+00 3.027070528904293383e+02 1.012199367280677052e+03
4.903357982635498047e+00 2.966233598243639449e+02 1.012199367280677052e+03
4.942880868911743164e+00 2.854893148611826632e+02 1.012199367280677052e+03
4.977328300476074219e+00 2.695408415304784739e+02 1.012199367280677052e+03
5.005499601364135742e+00 2.549880359112555652e+02 1.012199367280677052e+03
5.037701845169067383e+00 2.420541381092702125e+02 1.012199367280677052e+03
5.073629140853881836e+00 2.327336827651868987e+02 1.012199367280677052e+03
5.111673831939697266e+00 2.241196837996808142e+02 1.012199367280677052e+03
5.145180940628051758e+00 2.137784489328904272e+02 1.012199367280677052e+03
5.175695657730102539e+00 2.025717372922812558e+02 1.012199367280677052e+03
5.209176540374755859e+00 1.910154236464415760e+02 1.012199367280677052e+03
5.242645978927612305e+00 1.788690525348539495e+02 1.012199367280677052e+03
