9.273338317871093750e-02 1.336542870324376686e+01 1.013463720666720178e+03
1.332349777221679688e-01 1.324999437628068577e+01 1.013463720666720178e+03
1.637086868286132812e-01 1.334871711662964522e+01 1.013463720666720178e+03
2.012448310852050781e-01 1.337504913543660301e+01 1.013463720666720178e+03
2.305483818054199219e-01 1.349866192966724121e+01 1.013463720666720178e+03
2.637274265289306641e-01 1.356442340936046342e+01 1.013463720666720178e+03
2.981264591217041016e-01 1.388245841874982922e+01 1.013463720666720178e+03
3.265788555145263672e-01 1.472659723856923009e+01 1.013463720666720178e+03
3.565974235534667969e-01 1.680779745046478268e+01 1.013463720666720178e+03
3.900578022003173828e-01 1.968435164261160963e+01 1.013463720666720178e+03
4.259953498840332031e-01 2.291330017283035048e+01 1.013463720666720178e+03
4.647576808929443359e-01 2.668755151856415608e+01 1.013463720666720178e+03
4.980499744415283203e-01 3.076637871407072211e+01 1.013463720666720178e+03
5.314719676971435547e-01 3.538600089279817951e+01 1.013463720666720178e+03
5.627367496490478516e-01 3.971464774587699509e+01 1.013463720666720178e+03
5.955266952514648438e-01 4.386564771171276078e+01 1.013463720666720178e+03
6.283080577850341797e-01 4.761561781995143150e+01 1.013463720666720178e+03
6.619319915771484375e-01 5.095814237894514065e+01 1.013463720666720178e+03
6.952941417694091797e-01 5.371351766819121565e+01 1.013463720666720178e+03
7.286510467529296875e-01 5.561425554146693173e+01 1.013463720666720178e+03
7.620201110839843750e-01 5.724597208830586936e+01 1.013463720666720178e+03
7.950930595397949219e-01 5.815469582773444301e+01 1.013463720666720178e+03
8.288414478302001953e-01 5.883228340774866894e+01 1.013463720666720178e+03
8.618278503417968750e-01 5.878983761606085778e+01 1.013463720666720178e+03
8.955581188201904297e-01 5.861114612737747365e+01 1.013463720666720178e+03
9.280722141265869141e-01 5.814156009048804918e+01 1.013463720666720178e+03
9.622108936309814453e-01 5.768578385699399291e+01 1.013463720666720178e+03
9.956624507904052734e-01 5.714114273550129752e+01 1.013463720666720178e+03
1.024072170257568359e+00 5.653405749569980543e+01 1.013463720666720178e+03
1.056139707565307617e+00 5.615499169776435906e+01 1.013463720666720178e+03
1.092955350875854492e+00 5.568877246629855193e+01 1.013463720666720178e+03
1.129803180694580078e+00 5.545129539166249089e+01 1.013463720666720178e+03
1.164209127426147461e+00 5.523877335477329353e+01 1.013463720666720178e+03
1.197740793228149414e+00 5.508853923582261558e+01 1.013463720666720178e+03
1.231316089630126953e+00 5.511586849594263526e+01 1.013463720666720178e+03
1.264394760131835938e+00 5.518488922811413744e+01 1.013463720666720178e+03
1.298268318176269531e+00 5.551291101747514745e+01 1.013463720666720178e+03
1.327552080154418945e+00 5.565072578007865900e+01 1.013463720666720178e+03
1.361753463745117188e+00 5.598121840795722903e+01 1.013463720666720178e+03
1.396186351776123047e+00 5.619076779418674050e+01 1.013463720666720178e+03
1.429578542709350586e+00 5.667907345705720701e+01 1.013463720666720178e+03
1.463728904724121094e+00 5.692634739484139317e+01 1.013463720666720178e+03
1.496595144271850586e+00 5.713232801380024029e+01 1.013463720666720178e+03
1.529758453369140625e+00 5.714096159573086453e+01 1.013463720666720178e+03
1.562940120697021484e+00 5.714101301695225743e+01 1.013463720666720178e+03
1.589309215545654297e+00 5.708559082884292479e+01 1.013463720666720178e+03
1.624725103378295898e+00 5.707602696716244139e+01 1.013463720666720178e+03
1.657721757888793945e+00 5.709227799022537653e+01 1.013463720666720178e+03
1.698391914367675781e+00 5.747029725467026395e+01 1.013463720666720178e+03
1.731757640838623047e+00 5.753503104375845112e+01 1.013463720666720178e+03
1.761441469192504883e+00 5.725656245109334463e+01 1.013463720666720178e+03
1.795857667922973633e+00 5.741189131819189839e+01 1.013463720666720178e+03
1.824285507202148438e+00 5.762200469347678933e+01 1.013463720666720178e+03
1.857187747955322266e+00 5.779864081926854169e+01 1.013463720666720178e+03
1.896298170089721680e+00 5.818042523550458611e+01 1.013463720666720178e+03
1.923664808273315430e+00 5.856312241972781862e+01 1.013463720666720178e+03
1.956909894943237305e+00 5.890261232711986139e+01 1.013463720666720178e+03
1.992087602615356445e+00 5.920547324215834806e+01 1.013463720666720178e+03
2.022994279861450195e+00 5.939853162974439726e+01 1.013463720666720178e+03
2.056129217147827148e+00 5.975347872428910279e+01 1.013463720666720178e+03
2.089487791061401367e+00 5.994005341747597981e+01 1.013463720666720178e+03
2.130885601043701172e+00 6.016202648653668916e+01 1.013463720666720178e+03
2.164089679718017578e+00 6.029938916583592601e+01 1.013463720666720178e+03
2.196998357772827148e+00 6.036269824232011416e+01 1.013463720666720178e+03
2.231012105941772461e+00 6.086522406832456511e+01 1.013463720666720178e+03
2.264073371887207031e+00 6.122436129160744400e+01 1.013463720666720178e+03
2.297924995422363281e+00 6.190923277009618175e+01 1.013463720666720178e+03
2.327699661254882812e+00 6.216817753496907528e+01 1.013463720666720178e+03
2.360916137695312500e+00 6.283892872217846559e+01 1.013463720666720178e+03
2.394834041595458984e+00 6.313906858094475893e+01 1.013463720666720178e+03
2.430841922760009766e+00 6.358689467922398819e+01 1.013463720666720178e+03
2.465004205703735352e+00 6.378508772229075419e+01 1.013463720666720178e+03
2.497866153717041016e+00 6.407066241850661470e+01 1.013463720666720178e+03
2.531940221786499023e+00 6.428851894922854626e+01 1.013463720666720178e+03
2.565144300460815430e+00 6.456972649266833741e+01 1.013463720666720178e+03
2.598220348358154297e+00 6.471452610589157928e+01 1.013463720666720178e+03
2.631389379501342773e+00 6.439205779630931659e+01 1.013463720666720178e+03
2.664474010467529297e+00 6.447206740501583511e+01 1.013463720666720178e+03
2.699212789535522461e+00 6.470322870830790407e+01 1.013463720666720178e+03
2.731984138488769531e+00 6.487725261790585307e+01 1.013463720666720178e+03
2.765988588333129883e+00 6.512518111810415178e+01 1.013463720666720178e+03
2.796633958816528320e+00 6.538395096975267506e+01 1.013463720666720178e+03
2.824740171432495117e+00 6.582429306396491597e+01 1.013463720666720178e+03
2.856982469558715820e+00 6.625288445623496614e+01 1.013463720666720178e+03
2.894668579101562500e+00 6.684534214970825872e+01 1.013463720666720178e+03
2.929775714874267578e+00 6.720497758145702960e+01 1.013463720666720178e+03
2.963367938995361328e+00 6.770895746985438279e+01 1.013463720666720178e+03
2.996459484100341797e+00 6.837710292872245077e+01 1.013463720666720178e+03
3.022834777832031250e+00 6.899207939213459895e+01 1.013463720666720178e+03
3.056474685668945312e+00 6.984675443288482199e+01 1.013463720666720178e+03
3.089524984359741211e+00 7.049166433766042417e+01 1.013463720666720178e+03
3.129583597183227539e+00 7.122687580356543435e+01 1.013463720666720178e+03
3.164690494537353516e+00 7.181762192408100987e+01 1.013463720666720178e+03
3.197407722473144531e+00 7.249403522673759426e+01 1.013463720666720178e+03
3.230509996414184570e+00 7.328220228306166462e+01 1.013463720666720178e+03
3.263824701309204102e+00 7.420002042787696439e+01 1.013463720666720178e+03
3.298089504241943359e+00 7.489265073200907352e+01 1.013463720666720178e+03
3.327782869338989258e+00 7.543083415352838017e+01 1.013463720666720178e+03
3.361027956008911133e+00 7.613126253508784202e+01 1.013463720666720178e+03
3.395926952362060547e+00 7.695029529075357289e+01 1.013463720666720178e+03
3.430169343948364258e+00 7.777508205312780376e+01 1.013463720666720178e+03
3.464112758636474609e+00 7.860915972122067785e+01 1.013463720666720178e+03
3.496900796890258789e+00 7.939818901255272010e+01 1.013463720666720178e+03
3.530196189880371094e+00 8.086105907586296837e+01 1.013463720666720178e+03
3.563842058181762695e+00 8.201374068189275590e+01 1.013463720666720178e+03
3.597221136093139648e+00 8.323071546122281461e+01 1.013463720666720178e+03
3.629580736160278320e+00 8.446176731930522408e+01 1.013463720666720178e+03
3.663244485855102539e+00 8.540778750826730459e+01 1.013463720666720178e+03
3.696955204010009766e+00 8.653464149007986350e+01 1.013463720666720178e+03
3.731451034545898438e+00 8.741341084394015581e+01 1.013463720666720178e+03
3.763496637344360352e+00 8.813318136772147682e+01 1.013463720666720178e+03
3.797040462493896484e+00 8.876052281657095477e+01 1.013463720666720178e+03
3.822757720947265625e+00 8.922582810144652399e+01 1.013463720666720178e+03
3.856796741485595703e+00 8.963580834069496461e+01 1.013463720666720178e+03
3.892889022827148438e+00 8.957926941705093782e+01 1.013463720666720178e+03
3.925416231155395508e+00 8.941595788613027196e+01 1.013463720666720178e+03
3.956790447235107422e+00 8.937428095180111143e+01 1.013463720666720178e+03
3.995482921600341797e+00 8.910651084224618046e+01 1.013463720666720178e+03
4.022885799407958984e+00 8.872928912515479283e+01 1.013463720666720178e+03
4.057229995727539062e+00 8.841106552097942028e+01 1.013463720666720178e+03
4.088822603225708008e+00 8.814086511743859376e+01 1.013463720666720178e+03
4.129824638366699219e+00 8.797730471452510415e+01 1.013463720666720178e+03
4.161179780960083008e+00 8.762043732305730259e+01 1.013463720666720178e+03
4.194554090499877930e+00 8.736112199765740627e+01 1.013463720666720178e+03
4.227768421173095703e+00 8.719363107099924548e+01 1.013463720666720178e+03
4.263020992279052734e+00 8.690543092438804251e+01 1.013463720666720178e+03
4.296288251876831055e+00 8.680660446412024100e+01 1.013463720666720178e+03
4.330174684524536133e+00 8.664104299865809367e+01 1.013463720666720178e+03
4.362604618072509766e+00 8.629199155119769671e+01 1.013463720666720178e+03
4.396695613861083984e+00 8.610559557168544131e+01 1.013463720666720178e+03
4.429774284362792969e+00 8.547162050313980330e+01 1.013463720666720178e+03
4.463302612304687500e+00 8.505400246257805463e+01 1.013463720666720178e+03
4.496427536010742188e+00 8.497864229910483402e+01 1.013463720666720178e+03
4.529790401458740234e+00 8.486662054759690932e+01 1.013463720666720178e+03
4.563809871673583984e+00 8.488048127455024883e+01 1.013463720666720178e+03
4.596528291702270508e+00 8.504851943171577489e+01 1.013463720666720178e+03
4.629763126373291016e+00 8.484101823320328606e+01 1.013463720666720178e+03
4.663486003875732422e+00 8.506678924276975806e+01 1.013463720666720178e+03
4.696306467056274414e+00 8.524881405138398804e+01 1.013463720666720178e+03
4.730364799499511719e+00 8.541494227541629414e+01 1.013463720666720178e+03
4.763335943222045898e+00 8.572887354498624290e+01 1.013463720666720178e+03
4.796404600143432617e+00 8.594927834010071876e+01 1.013463720666720178e+03
4.829580783843994141e+00 8.603407236846635442e+01 1.013463720666720178e+03
4.863201141357421875e+00 8.623628148651009440e+01 1.013463720666720178e+03
4.896635293960571289e+00 8.621575868892125527e+01 1.013463720666720178e+03
4.926276683807373047e+00 8.589653384339551678e+01 1.013463720666720178e+03
4.959041595458984375e+00 8.509285515835654223e+01 1.013463720666720178e+03
4.996605396270751953e+00 8.087662569454300865e+01 1.013463720666720178e+03
5.022574424743652344e+00 7.186298964458704575e+01 1.013463720666720178e+03
