6.852221488952636719e-02 1.221795729503775974e+01 1.012209926624375044e+03
1.015145778656005859e-01 1.219066073913224635e+01 1.012209926624375044e+03
1.320331096649169922e-01 1.233616179783991029e+01 1.012209926624375044e+03
1.630983352661132812e-01 1.179403855844865490e+01 1.012209926624375044e+03
2.001252174377441406e-01 1.192394912767394999e+01 1.012209926624375044e+03
2.413275241851806641e-01 1.192402514694289728e+01 1.012209926624375044e+03
2.706542015075683594e-01 1.263494161089675671e+01 1.012209926624375044e+03
3.066329956054687500e-01 1.561182519801869617e+01 1.012209926624375044e+03
3.302214145660400391e-01 2.164125826876327352e+01 1.012209926624375044e+03
3.620474338531494141e-01 3.064319951569817491e+01 1.012209926624375044e+03
3.981156349182128906e-01 4.227864133677785219e+01 1.012209926624375044e+03
4.346849918365478516e-01 5.647839989233649050e+01 1.012209926624375044e+03
4.689233303070068359e-01 7.223427947999142873e+01 1.012209926624375044e+03
5.024838447570800781e-01 8.988109643365429235e+01 1.012209926624375044e+03
5.361976623535156250e-01 1.086895704498898141e+02 1.012209926624375044e+03
5.697746276855468750e-01 1.291755463353947846e+02 1.012209926624375044e+03
6.025803089141845703e-01 1.504589876889384925e+02 1.012209926624375044e+03
6.363809108734130859e-01 1.731260737426871401e+02 1.012209926624375044e+03
6.664485931396484375e-01 1.968604497540786156e+02 1.012209926624375044e+03
7.007231712341308594e-01 2.214330183128880094e+02 1.012209926624375044e+03
7.352852821350097656e-01 2.471036864316018011e+02 1.012209926624375044e+03
7.685613632202148438e-01 2.734019925872998442e+02 1.012209926624375044e+03
8.020422458648681641e-01 3.004700982874055057e+02 1.012209926624375044e+03
8.356134891510009766e-01 3.281963475507201338e+02 1.012209926624375044e+03
8.663403987884521484e-01 3.565413421231090183e+02 1.012209926624375044e+03
9.035496711730957031e-01 3.854746687585990799e+02 1.012209926624375044e+03
9.369707107543945312e-01 4.148465143278808682e+02 1.012209926624375044e+03
9.702856540679931641e-01 4.448352281598540117e+02 1.012209926624375044e+03
1.004742383956909180e+00 4.752835105121315564e+02 1.012209926624375044e+03
1.037472724914550781e+00 5.061085111232479790e+02 1.012209926624375044e+03
1.070405483245849609e+00 5.376169678197904886e+02 1.012209926624375044e+03
1.104251623153686523e+00 5.696911813858419009e+02 1.012209926624375044e+03
1.133356332778930664e+00 6.021864906893209763e+02 1.012209926624375044e+03
1.162864685058593750e+00 6.350731172627160959e+02 1.012209926624375044e+03
1.201348543167114258e+00 6.681708205764408603e+02 1.012209926624375044e+03
1.238072872161865234e+00 7.013155148199167570e+02 1.012209926624375044e+03
1.271069526672363281e+00 7.341011550830519354e+02 1.012209926624375044e+03
1.306213378906250000e+00 7.659511152054408285e+02 1.012209926624375044e+03
1.329480648040771484e+00 7.960555847636866247e+02 1.012209926624375044e+03
1.363060951232910156e+00 8.236650957991738551e+02 1.012209926624375044e+03
1.395331144332885742e+00 8.486422751783202330e+02 1.012209926624375044e+03
1.436055183410644531e+00 8.694715636479920704e+02 1.012209926624375044e+03
1.470298290252685547e+00 8.858182098795140291e+02 1.012209926624375044e+03
1.503338575363159180e+00 8.960618735207344798e+02 1.012209926624375044e+03
1.537525653839111328e+00 8.983384201244166434e+02 1.012209926624375044e+03
1.570052385330200195e+00 8.896759699781947575e+02 1.012209926624375044e+03
1.603688955307006836e+00 8.667380933878149563e+02 1.012209926624375044e+03
1.637570381164550781e+00 8.279738578262572446e+02 1.012209926624375044e+03
1.667609214782714844e+00 7.812711069171595000e+02 1.012209926624375044e+03
1.734815835952758789e+00 6.695820323684490631e+02 1.012209926624375044e+03
2.168365001678466797e+00 1.639925587287681992e+03 1.012209926624375044e+03
2.200457096099853516e+00 1.676804457002786194e+03 1.012209926624375044e+03
2.236311435699462891e+00 1.702221794217801516e+03 1.012209926624375044e+03
2.269196271896362305e+00 1.720106233875269709e+03 1.012209926624375044e+03
2.306899785995483398e+00 1.726279695869645820e+03 1.012209926624375044e+03
2.328918695449829102e+00 1.721819794065293763e+03 1.012209926624375044e+03
2.362929582595825195e+00 1.706413374347093395e+03 1.012209926624375044e+03
2.395292758941650391e+00 1.681873967108505667e+03 1.012209926624375044e+03
2.435884714126586914e+00 1.648750435895189639e+03 1.012209926624375044e+03
2.469778060913085938e+00 1.606506393820708354e+03 1.012209926624375044e+03
2.504156827926635742e+00 1.554023196304594876e+03 1.012209926624375044e+03
2.537293910980224609e+00 1.495445671078583473e+03 1.012209926624375044e+03
2.571519613265991211e+00 1.443675309039067770e+03 1.012209926624375044e+03
2.598996877670288086e+00 1.385229261582557001e+03 1.012209926624375044e+03
2.671673059463500977e+00 1.276158682345758052e+03 1.012209926624375044e+03
2.704760789871215820e+00 1.235631124363065510e+03 1.012209926624375044e+03
2.737328290939331055e+00 1.194658394055967392e+03 1.012209926624375044e+03
2.771136283874511719e+00 1.151680222526714260e+03 1.012209926624375044e+03
2.804836988449096680e+00 1.109866668803644643e+03 1.012209926624375044e+03
2.838153600692749023e+00 1.088126563209644246e+03 1.012209926624375044e+03
2.902704238891601562e+00 1.017932341031985175e+03 1.012209926624375044e+03
2.936290502548217773e+00 1.002544298824178895e+03 1.012209926624375044e+03
2.962919473648071289e+00 9.927833064638151654e+02 1.012209926624375044e+03
2.996437072753906250e+00 9.881511151361437442e+02 1.012209926624375044e+03
3.033519268035888672e+00 9.893131066795840525e+02 1.012209926624375044e+03
3.071238994598388672e+00 9.933208174317747989e+02 1.012209926624375044e+03
3.104581356048583984e+00 9.971316137586400146e+02 1.012209926624375044e+03
3.138408184051513672e+00 9.959729388509733781e+02 1.012209926624375044e+03
3.166271209716796875e+00 9.922255349871555836e+02 1.012209926624375044e+03
3.200401067733764648e+00 9.883540503989548824e+02 1.012209926624375044e+03
3.269117355346679688e+00 9.872047117297033765e+02 1.012209926624375044e+03
3.300482749938964844e+00 9.853602169586691844e+02 1.012209926624375044e+03
3.329001665115356445e+00 9.767820888311827048e+02 1.012209926624375044e+03
3.362375974655151367e+00 9.681863448921992585e+02 1.012209926624375044e+03
3.395557403564453125e+00 9.603136433029949330e+02 1.012209926624375044e+03
3.436539888381958008e+00 9.551914606463543578e+02 1.012209926624375044e+03
3.470017433166503906e+00 9.510029731728425304e+02 1.012209926624375044e+03
