7.578063011169433594e-02 1.206472455045766523e+01 1.012047764982888452e+03
1.143269538879394531e-01 1.213038273591423355e+01 1.012047764982888452e+03
1.482887268066406250e-01 1.200439010524039674e+01 1.012047764982888452e+03
1.817843914031982422e-01 1.195352843530686471e+01 1.012047764982888452e+03
2.151112556457519531e-01 1.204843147109318480e+01 1.012047764982888452e+03
2.489812374114990234e-01 1.262258499870450379e+01 1.012047764982888452e+03
2.892150878906250000e-01 1.266645639813531155e+01 1.012047764982888452e+03
3.156187534332275391e-01 1.275063711602834715e+01 1.012047764982888452e+03
3.489637374877929688e-01 1.293207677572527636e+01 1.012047764982888452e+03
3.826909065246582031e-01 1.316704566172904300e+01 1.012047764982888452e+03
4.156093597412109375e-01 1.350971806135538245e+01 1.012047764982888452e+03
4.508242607116699219e-01 1.423916692215582813e+01 1.012047764982888452e+03
4.823913574218750000e-01 1.472033561803877255e+01 1.012047764982888452e+03
5.152997970581054688e-01 1.613704087884570271e+01 1.012047764982888452e+03
5.465028285980224609e-01 1.830147024927442345e+01 1.012047764982888452e+03
5.794546604156494141e-01 1.964926873984346045e+01 1.012047764982888452e+03
6.166863441467285156e-01 2.204957262903414517e+01 1.012047764982888452e+03
6.495726108551025391e-01 2.473487100143194439e+01 1.012047764982888452e+03
6.831843852996826172e-01 2.739556614832119763e+01 1.012047764982888452e+03
7.162911891937255859e-01 3.012680947294230549e+01 1.012047764982888452e+03
7.495281696319580078e-01 3.300767589167630689e+01 1.012047764982888452e+03
7.790288925170898438e-01 3.615167969640958034e+01 1.012047764982888452e+03
8.086452484130859375e-01 3.919847869322552469e+01 1.012047764982888452e+03
8.438200950622558594e-01 4.263164636343800140e+01 1.012047764982888452e+03
8.829495906829833984e-01 4.599899471082085256e+01 1.012047764982888452e+03
9.160666465759277344e-01 4.924064740514919691e+01 1.012047764982888452e+03
9.496006965637207031e-01 5.235634691253362405e+01 1.012047764982888452e+03
9.767155647277832031e-01 5.575058197908401780e+01 1.012047764982888452e+03
1.007669687271118164e+00 5.865920938400827112e+01 1.012047764982888452e+03
1.041043758392333984e+00 6.198152646869009175e+01 1.012047764982888452e+03
1.076349496841430664e+00 6.520445021464730928e+01 1.012047764982888452e+03
1.113886356353759766e+00 6.854591567553200093e+01 1.012047764982888452e+03
1.147830009460449219e+00 7.201640025036805071e+01 1.012047764982888452e+03
1.181792736053466797e+00 7.541591270201527664e+01 1.012047764982888452e+03
1.215962886810302734e+00 7.936458750287114583e+01 1.012047764982888452e+03
1.248826980590820312e+00 8.253013128776126450e+01 1.012047764982888452e+03
1.281821012496948242e+00 8.614740473236794571e+01 1.012047764982888452e+03
1.315878868103027344e+00 9.008844568902630101e+01 1.012047764982888452e+03
1.348926067352294922e+00 9.399386065655127709e+01 1.012047764982888452e+03
1.379771947860717773e+00 9.796273604649046263e+01 1.012047764982888452e+03
1.412976503372192383e+00 1.019982538132323953e+02 1.012047764982888452e+03
1.449965476989746094e+00 1.063021806080347602e+02 1.012047764982888452e+03
1.483351945877075195e+00 1.107653544938965808e+02 1.012047764982888452e+03
1.516938924789428711e+00 1.152314234168917295e+02 1.012047764982888452e+03
1.544904708862304688e+00 1.201270701979411371e+02 1.012047764982888452e+03
1.581243515014648438e+00 1.252208732825660462e+02 1.012047764982888452e+03
1.615848779678344727e+00 1.301225448613762126e+02 1.012047764982888452e+03
1.648212194442749023e+00 1.356624794908442482e+02 1.012047764982888452e+03
1.681523323059082031e+00 1.414272043108700530e+02 1.012047764982888452e+03
1.714342355728149414e+00 1.477793677070275464e+02 1.012047764982888452e+03
1.748023271560668945e+00 1.545072311009083421e+02 1.012047764982888452e+03
1.780748128890991211e+00 1.616552123820849545e+02 1.012047764982888452e+03
1.809138774871826172e+00 1.692068651711528275e+02 1.012047764982888452e+03
1.843196868896484375e+00 1.773179805400818339e+02 1.012047764982888452e+03
1.882735729217529297e+00 1.857133588878318733e+02 1.012047764982888452e+03
1.915961503982543945e+00 1.946932333214810740e+02 1.012047764982888452e+03
1.949241876602172852e+00 2.040121155122776884e+02 1.012047764982888452e+03
1.974436998367309570e+00 2.139090442036666104e+02 1.012047764982888452e+03
2.007794380187988281e+00 2.244421807369023156e+02 1.012047764982888452e+03
2.041364669799804688e+00 2.355503092933585663e+02 1.012047764982888452e+03
2.075314283370971680e+00 2.472349313099102517e+02 1.012047764982888452e+03
2.108507156372070312e+00 2.595313612189972332e+02 1.012047764982888452e+03
2.143972396850585938e+00 2.723758966428891881e+02 1.012047764982888452e+03
2.177833318710327148e+00 2.858422067144964558e+02 1.012047764982888452e+03
2.215623140335083008e+00 2.998217905865967623e+02 1.012047764982888452e+03
2.249197483062744141e+00 3.146138667772713120e+02 1.012047764982888452e+03
2.282493352890014648e+00 3.298849732540179502e+02 1.012047764982888452e+03
2.313949584960937500e+00 3.457121615302649502e+02 1.012047764982888452e+03
2.346210002899169922e+00 3.622539851393278809e+02 1.012047764982888452e+03
2.379743576049804688e+00 3.792693047563969913e+02 1.012047764982888452e+03
2.413477182388305664e+00 3.968795669965802517e+02 1.012047764982888452e+03
2.448492288589477539e+00 4.149043277247854462e+02 1.012047764982888452e+03
2.482371568679809570e+00 4.335085550731646435e+02 1.012047764982888452e+03
2.514680147171020508e+00 4.524239724649098093e+02 1.012047764982888452e+03
2.542295932769775391e+00 4.719435894821291413e+02 1.012047764982888452e+03
2.575880527496337891e+00 4.918553846135867502e+02 1.012047764982888452e+03
2.613406419754028320e+00 5.123310048150810871e+02 1.012047764982888452e+03
2.647934198379516602e+00 5.333553591467345996e+02 1.012047764982888452e+03
2.681609869003295898e+00 5.546106213880389078e+02 1.012047764982888452e+03
2.714410305023193359e+00 5.764027936846130160e+02 1.012047764982888452e+03
2.748257398605346680e+00 5.986772376136065077e+02 1.012047764982888452e+03
2.781450033187866211e+00 6.213858866642194698e+02 1.012047764982888452e+03
2.814783573150634766e+00 6.446877769019291691e+02 1.012047764982888452e+03
2.848515510559082031e+00 6.682988504861737056e+02 1.012047764982888452e+03
2.881540536880493164e+00 6.925352667605945953e+02 1.012047764982888452e+03
2.915047645568847656e+00 7.170757229606186911e+02 1.012047764982888452e+03
2.948042154312133789e+00 7.421056233773298345e+02 1.012047764982888452e+03
2.974615097045898438e+00 7.674448374693860160e+02 1.012047764982888452e+03
3.008231878280639648e+00 7.933094293164490409e+02 1.012047764982888452e+03
3.041291475296020508e+00 8.195407210758451129e+02 1.012047764982888452e+03
3.077451944351196289e+00 8.461784053908578471e+02 1.012047764982888452e+03
3.115628480911254883e+00 8.728245440311814036e+02 1.012047764982888452e+03
3.149585962295532227e+00 9.000296070069429106e+02 1.012047764982888452e+03
3.182112216949462891e+00 9.276114120396199496e+02 1.012047764982888452e+03
3.215924501419067383e+00 9.554134523705358788e+02 1.012047764982888452e+03
3.248846054077148438e+00 9.835041835356428237e+02 1.012047764982888452e+03
3.282310247421264648e+00 1.011864917990116624e+03 1.012047764982888452e+03
3.316152811050415039e+00 1.040406213896707641e+03 1.012047764982888452e+03
3.349287748336791992e+00 1.069357442403460936e+03 1.012047764982888452e+03
3.382832527160644531e+00 1.098327878404193370e+03 1.012047764982888452e+03
3.415963411331176758e+00 1.127738439316402946e+03 1.012047764982888452e+03
3.449205398559570312e+00 1.157496138464432534e+03 1.012047764982888452e+03
3.475560903549194336e+00 1.187212655281206253e+03 1.012047764982888452e+03
3.508142232894897461e+00 1.217144855604920167e+03 1.012047764982888452e+03
3.542425870895385742e+00 1.247310149776989419e+03 1.012047764982888452e+03
3.581140041351318359e+00 1.277393993677546177e+03 1.012047764982888452e+03
3.615164518356323242e+00 1.307474355670396562e+03 1.012047764982888452e+03
3.648180246353149414e+00 1.337469995425948127e+03 1.012047764982888452e+03
3.682258367538452148e+00 1.367662978484201403e+03 1.012047764982888452e+03
3.715180873870849609e+00 1.397803687784653221e+03 1.012047764982888452e+03
3.748357295989990234e+00 1.427891060821183146e+03 1.012047764982888452e+03
3.781761407852172852e+00 1.457848218101964676e+03 1.012047764982888452e+03
3.815528154373168945e+00 1.488046067325968579e+03 1.012047764982888452e+03
3.848449468612670898e+00 1.518042008245947272e+03 1.012047764982888452e+03
3.881624460220336914e+00 1.548031027426334504e+03 1.012047764982888452e+03
3.915128946304321289e+00 1.577901888743917652e+03 1.012047764982888452e+03
3.948527812957763672e+00 1.607671267408553376e+03 1.012047764982888452e+03
3.975982666015625000e+00 1.637267192505821413e+03 1.012047764982888452e+03
4.008107423782348633e+00 1.666613699821034515e+03 1.012047764982888452e+03
4.041502714157104492e+00 1.695574034335131728e+03 1.012047764982888452e+03
4.078079700469970703e+00 1.724240114253503634e+03 1.012047764982888452e+03
4.114846467971801758e+00 1.752489336336330098e+03 1.012047764982888452e+03
4.149019718170166016e+00 1.780347292680939518e+03 1.012047764982888452e+03
4.182406902313232422e+00 1.808114005047211776e+03 1.012047764982888452e+03
4.208144426345825195e+00 1.835502528203139718e+03 1.012047764982888452e+03
4.242383718490600586e+00 1.862450292641031410e+03 1.012047764982888452e+03
4.276654481887817383e+00 1.889073159029410590e+03 1.012047764982888452e+03
4.316710472106933594e+00 1.915131717514595948e+03 1.012047764982888452e+03
4.350669622421264648e+00 1.940947724215800690e+03 1.012047764982888452e+03
4.383311033248901367e+00 1.966156019155485637e+03 1.012047764982888452e+03
4.417069435119628906e+00 1.990707940551531237e+03 1.012047764982888452e+03
4.449933767318725586e+00 2.014909000156923867e+03 1.012047764982888452e+03
4.483584165573120117e+00 2.038499893555978133e+03 1.012047764982888452e+03
4.516721725463867188e+00 2.061575599970903568e+03 1.012047764982888452e+03
4.544955968856811523e+00 2.084253254312851368e+03 1.012047764982888452e+03
4.578320264816284180e+00 2.105980019878149051e+03 1.012047764982888452e+03
4.615843772888183594e+00 2.127300276103596843e+03 1.012047764982888452e+03
4.649743080139160156e+00 2.148012356190897208e+03 1.012047764982888452e+03
4.683278799057006836e+00 2.167696705386127178e+03 1.012047764982888452e+03
4.716511964797973633e+00 2.186517921323526934e+03 1.012047764982888452e+03
4.750575542449951172e+00 2.204785049316866662e+03 1.012047764982888452e+03
4.783416748046875000e+00 2.222181510959794196e+03 1.012047764982888452e+03
4.815967082977294922e+00 2.238840534321614086e+03 1.012047764982888452e+03
4.847368240356445312e+00 2.254566732711298300e+03 1.012047764982888452e+03
4.880146503448486328e+00 2.269483886177064960e+03 1.012047764982888452e+03
4.913177251815795898e+00 2.283526736918947790e+03 1.012047764982888452e+03
4.947164773941040039e+00 2.296619390281832693e+03 1.012047764982888452e+03
4.975504636764526367e+00 2.308882288399500339e+03 1.012047764982888452e+03
5.007999658584594727e+00 2.320267445010592382e+03 1.012047764982888452e+03
5.041287422180175781e+00 2.330520794724144707e+03 1.012047764982888452e+03
5.074585437774658203e+00 2.339885549173463005e+03 1.012047764982888452e+03
5.115384817123413086e+00 2.348322411384893712e+03 1.012047764982888452e+03
5.149094820022583008e+00 2.355705209169546379e+03 1.012047764982888452e+03
5.182483911514282227e+00 2.362201670967530390e+03 1.012047764982888452e+03
5.212716102600097656e+00 2.367615814291365496e+03 1.012047764982888452e+03
5.246243000030517578e+00 2.371958819280855550e+03 1.012047764982888452e+03
5.281032323837280273e+00 2.375377026912275596e+03 1.012047764982888452e+03
5.314888000488281250e+00 2.377782785105919174e+03 1.012047764982888452e+03
5.349098205566406250e+00 2.378888049683998815e+03 1.012047764982888452e+03
5.382001638412475586e+00 2.378899310043096193e+03 1.012047764982888452e+03
5.414788484573364258e+00 2.377868329653948422e+03 1.012047764982888452e+03
5.448479175567626953e+00 2.375747189365422855e+03 1.012047764982888452e+03
5.481525182723999023e+00 2.372175084341904949e+03 1.012047764982888452e+03
5.514732599258422852e+00 2.367688784638600737e+03 1.012047764982888452e+03
5.548923015594482422e+00 2.361922144301067419e+03 1.012047764982888452e+03
5.581594705581665039e+00 2.354827749859010055e+03 1.012047764982888452e+03
5.615140676498413086e+00 2.346621733993937596e+03 1.012047764982888452e+03
5.648874044418334961e+00 2.337043879905536869e+03 1.012047764982888452e+03
5.681985855102539062e+00 2.326230853376429422e+03 1.012047764982888452e+03
5.714789390563964844e+00 2.314158342070894378e+03 1.012047764982888452e+03
5.748053073883056641e+00 2.300796594707377608e+03 1.012047764982888452e+03
5.781414508819580078e+00 2.285974822070140362e+03 1.012047764982888452e+03
5.815166473388671875e+00 2.269925188525064641e+03 1.012047764982888452e+03
5.848369359970092773e+00 2.252296171290413440e+03 1.012047764982888452e+03
5.881560564041137695e+00 2.233559875477451442e+03 1.012047764982888452e+03
5.914745092391967773e+00 2.213393395415476334e+03 1.012047764982888452e+03
5.948586463928222656e+00 2.191858593508463855e+03 1.012047764982888452e+03
5.981360197067260742e+00 2.169013961239813852e+03 1.012047764982888452e+03
6.009272813796997070e+00 2.144757911290819266e+03 1.012047764982888452e+03
6.042020797729492188e+00 2.119310878550596954e+03 1.012047764982888452e+03
6.077642679214477539e+00 2.092374608191159496e+03 1.012047764982888452e+03
6.115922927856445312e+00 2.064113850158379591e+03 1.012047764982888452e+03
6.148784875869750977e+00 2.034446642875814405e+03 1.012047764982888452e+03
6.182543992996215820e+00 2.003330251400890575e+03 1.012047764982888452e+03
6.215810537338256836e+00 1.970970938614972511e+03 1.012047764982888452e+03
6.249200105667114258e+00 1.937105443871964326e+03 1.012047764982888452e+03
6.282722234725952148e+00 1.901789120010228544e+03 1.012047764982888452e+03
6.316066741943359375e+00 1.865121730852772998e+03 1.012047764982888452e+03
6.349276542663574219e+00 1.826955783851577280e+03 1.012047764982888452e+03
6.382974624633789062e+00 1.787369235037898989e+03 1.012047764982888452e+03
6.417098760604858398e+00 1.746575894602991184e+03 1.012047764982888452e+03
6.448970556259155273e+00 1.704450071451109352e+03 1.012047764982888452e+03
6.482381820678710938e+00 1.661175591026690427e+03 1.012047764982888452e+03
6.516373157501220703e+00 1.616600612064313282e+03 1.012047764982888452e+03
6.544503450393676758e+00 1.570675043841270508e+03 1.012047764982888452e+03
6.577036619186401367e+00 1.523512489962354721e+03 1.012047764982888452e+03
6.615147352218627930e+00 1.475441783030852548e+03 1.012047764982888452e+03
6.650028705596923828e+00 1.426000229747705589e+03 1.012047764982888452e+03
6.683001995086669922e+00 1.375559081688260903e+03 1.012047764982888452e+03
6.716544628143310547e+00 1.323938819985825603e+03 1.012047764982888452e+03
6.749004125595092773e+00 1.270949648537684880e+03 1.012047764982888452e+03
6.779492616653442383e+00 1.216865787995006258e+03 1.012047764982888452e+03
6.812935352325439453e+00 1.161641508442169197e+03 1.012047764982888452e+03
6.843895435333251953e+00 1.105468775165245006e+03 1.012047764982888452e+03
6.879977226257324219e+00 1.048727761430959163e+03 1.012047764982888452e+03
6.916038274765014648e+00 9.910479335429514549e+02 1.012047764982888452e+03
6.949970006942749023e+00 9.324810491760595141e+02 1.012047764982888452e+03
6.981665134429931641e+00 8.733956331383010365e+02 1.012047764982888452e+03
7.009167194366455078e+00 8.139400528662677061e+02 1.012047764982888452e+03
7.041368961334228516e+00 7.530267069842336696e+02 1.012047764982888452e+03
7.074521303176879883e+00 6.918671075322906745e+02 1.012047764982888452e+03
7.114487886428833008e+00 6.300396041055587375e+02 1.012047764982888452e+03
7.149106264114379883e+00 5.678657911846903517e+02 1.012047764982888452e+03
7.182863473892211914e+00 5.055152297429339114e+02 1.012047764982888452e+03
7.215707063674926758e+00 4.425298923019107633e+02 1.012047764982888452e+03
7.248687028884887695e+00 3.793488967410128794e+02 1.012047764982888452e+03
7.282267093658447266e+00 3.156796873131122538e+02 1.012047764982888452e+03
7.313030719757080078e+00 2.517550307398748828e+02 1.012047764982888452e+03
7.349801301956176758e+00 1.877721802118115022e+02 1.012047764982888452e+03
7.383488178253173828e+00 1.238490394225125186e+02 1.012047764982888452e+03
7.413473129272460938e+00 6.011548825298111609e+01 1.012047764982888452e+03
7.446861982345581055e+00 9.959777769096810118e+00 1.012047764982888452e+03
7.480348110198974609e+00 2.091104456046281257e+01 1.012047764982888452e+03
7.513479948043823242e+00 6.817039907828036860e+01 1.012047764982888452e+03
7.546861171722412109e+00 9.588859783749923338e+01 1.012047764982888452e+03
7.579990386962890625e+00 1.214332754612820509e+02 1.012047764982888452e+03
7.613413095474243164e+00 1.442001006189308328e+02 1.012047764982888452e+03
7.649744033813476562e+00 1.642616621663963201e+02 1.012047764982888452e+03
7.682424068450927734e+00 1.809491099737291790e+02 1.012047764982888452e+03
7.715869665145874023e+00 1.947015018798390713e+02 1.012047764982888452e+03
7.748976469039916992e+00 2.056123549453269277e+02 1.012047764982888452e+03
7.781961679458618164e+00 2.137767595043526683e+02 1.012047764982888452e+03
7.814050912857055664e+00 2.186753081815859616e+02 1.012047764982888452e+03
7.842479705810546875e+00 2.213778175914758890e+02 1.012047764982888452e+03
7.877251148223876953e+00 2.214150685375699368e+02 1.012047764982888452e+03
7.916216850280761719e+00 2.192801816673692770e+02 1.012047764982888452e+03
7.949615240097045898e+00 2.151551764247587357e+02 1.012047764982888452e+03
7.975476980209350586e+00 2.091381302414067420e+02 1.012047764982888452e+03
8.007773399353027344e+00 2.012989408854692499e+02 1.012047764982888452e+03
8.041005134582519531e+00 1.922160676244555759e+02 1.012047764982888452e+03
8.074243068695068359e+00 1.817787740862811461e+02 1.012047764982888452e+03
8.114503622055053711e+00 1.700683880205887988e+02 1.012047764982888452e+03
8.148312568664550781e+00 1.571808854245909401e+02 1.012047764982888452e+03
8.182528018951416016e+00 1.431751607577598691e+02 1.012047764982888452e+03
8.214853048324584961e+00 1.283901086783743040e+02 1.012047764982888452e+03
8.248042821884155273e+00 1.128129207706175805e+02 1.012047764982888452e+03
8.282118558883666992e+00 9.648798464976262323e+01 1.012047764982888452e+03
8.315369606018066406e+00 7.955762440298811100e+01 1.012047764982888452e+03
8.348613739013671875e+00 6.230402604379521847e+01 1.012047764982888452e+03
8.382107257843017578e+00 4.494777999316698924e+01 1.012047764982888452e+03
8.415248394012451172e+00 2.740019173545616482e+01 1.012047764982888452e+03
8.449198961257934570e+00 1.182265465713487984e+01 1.012047764982888452e+03
8.482527971267700195e+00 1.801481278124767016e+01 1.012047764982888452e+03
8.515196084976196289e+00 2.842462770754213608e+01 1.012047764982888452e+03
8.545991897583007812e+00 3.927189025926838895e+01 1.012047764982888452e+03
8.579290628433227539e+00 4.967420980556175891e+01 1.012047764982888452e+03
8.614657402038574219e+00 5.975428875423079234e+01 1.012047764982888452e+03
8.647977828979492188e+00 6.900414573753837999e+01 1.012047764982888452e+03
8.681939601898193359e+00 7.731867794680347572e+01 1.012047764982888452e+03
8.714538812637329102e+00 8.465443426044357977e+01 1.012047764982888452e+03
8.748107194900512695e+00 9.141249762968033110e+01 1.012047764982888452e+03
8.780937433242797852e+00 9.713166204422810779e+01 1.012047764982888452e+03
8.811314582824707031e+00 1.021195438041450103e+02 1.012047764982888452e+03
8.841579437255859375e+00 1.061076581966869270e+02 1.012047764982888452e+03
8.875152587890625000e+00 1.093594243885251700e+02 1.012047764982888452e+03
8.911810874938964844e+00 1.120948143549162666e+02 1.012047764982888452e+03
8.949644804000854492e+00 1.140991475591389985e+02 1.012047764982888452e+03
8.980382442474365234e+00 1.156459840213642991e+02 1.012047764982888452e+03
9.008584499359130859e+00 1.166267671311014595e+02 1.012047764982888452e+03
9.041075944900512695e+00 1.170295832544325378e+02 1.012047764982888452e+03
9.074720144271850586e+00 1.170130527331583181e+02 1.012047764982888452e+03
9.111558198928833008e+00 1.167950827704221695e+02 1.012047764982888452e+03
9.147088766098022461e+00 1.159048042323663594e+02 1.012047764982888452e+03
9.181662082672119141e+00 1.149128778315027972e+02 1.012047764982888452e+03
9.207726001739501953e+00 1.136496734832546451e+02 1.012047764982888452e+03
9.241743564605712891e+00 1.121987068443283846e+02 1.012047764982888452e+03
9.276201725006103516e+00 1.106147502968465233e+02 1.012047764982888452e+03
9.315876483917236328e+00 1.085797125629514426e+02 1.012047764982888452e+03
9.349786996841430664e+00 1.064392369712076345e+02 1.012047764982888452e+03
9.382633447647094727e+00 1.043341484693652461e+02 1.012047764982888452e+03
9.416373729705810547e+00 1.018166686594659325e+02 1.012047764982888452e+03
9.450522422790527344e+00 9.996067545597576043e+01 1.012047764982888452e+03
9.483669519424438477e+00 9.699473779181494137e+01 1.012047764982888452e+03
9.513261318206787109e+00 9.433982911305275820e+01 1.012047764982888452e+03
9.542011260986328125e+00 9.174227729298000611e+01 1.012047764982888452e+03
9.577194929122924805e+00 8.913023823229103471e+01 1.012047764982888452e+03
9.616621255874633789e+00 8.636072093187826226e+01 1.012047764982888452e+03
9.649503231048583984e+00 8.360074763682179366e+01 1.012047764982888452e+03
9.682461738586425781e+00 8.092581973698615627e+01 1.012047764982888452e+03
9.713101148605346680e+00 7.831585007689128020e+01 1.012047764982888452e+03
9.746752262115478516e+00 7.544284789429391935e+01 1.012047764982888452e+03
9.780480146408081055e+00 7.281357213458818478e+01 1.012047764982888452e+03
9.812971830368041992e+00 7.008453651817596608e+01 1.012047764982888452e+03
9.846283674240112305e+00 6.744219768197019960e+01 1.012047764982888452e+03
9.882265806198120117e+00 6.467211224379764190e+01 1.012047764982888452e+03
9.915020704269409180e+00 6.235693889455310313e+01 1.012047764982888452e+03
9.948989629745483398e+00 6.007478121172452745e+01 1.012047764982888452e+03
9.978805780410766602e+00 5.805925023883351344e+01 1.012047764982888452e+03
1.000855326652526855e+01 5.598914585877898276e+01 1.012047764982888452e+03
1.004147887229919434e+01 5.394017495548596486e+01 1.012047764982888452e+03
1.007512021064758301e+01 5.202469483521463900e+01 1.012047764982888452e+03
1.010796737670898438e+01 4.949919670169020947e+01 1.012047764982888452e+03
1.014205789566040039e+01 4.657683387079713810e+01 1.012047764982888452e+03
1.018035078048706055e+01 4.190990894200874806e+01 1.012047764982888452e+03
1.020973420143127441e+01 3.621658559963820068e+01 1.012047764982888452e+03
1.024201631546020508e+01 3.049719840227455236e+01 1.012047764982888452e+03
1.027760124206542969e+01 2.354769207220340377e+01 1.012047764982888452e+03
1.031701517105102539e+01 1.752973535493163837e+01 1.012047764982888452e+03
1.034130811691284180e+01 1.500878283809338143e+01 1.012047764982888452e+03
1.038375735282897949e+01 1.650682140774714313e+01 1.012047764982888452e+03
1.041649174690246582e+01 1.828285199231329727e+01 1.012047764982888452e+03
1.044942045211791992e+01 1.930208447201652078e+01 1.012047764982888452e+03
1.048317503929138184e+01 2.027664019992794664e+01 1.012047764982888452e+03
1.051658439636230469e+01 2.186664307712397104e+01 1.012047764982888452e+03
1.054180216789245605e+01 2.279672210182935999e+01 1.012047764982888452e+03
1.057555460929870605e+01 2.409037910815178307e+01 1.012047764982888452e+03
1.060852909088134766e+01 2.555332431882886368e+01 1.012047764982888452e+03
1.064297819137573242e+01 2.750706448173394136e+01 1.012047764982888452e+03
1.067611050605773926e+01 3.019088875860920851e+01 1.012047764982888452e+03
1.071674323081970215e+01 3.453612324729516558e+01 1.012047764982888452e+03
1.074919342994689941e+01 4.000260355481168517e+01 1.012047764982888452e+03
1.078296709060668945e+01 4.736553416315724263e+01 1.012047764982888452e+03
1.081606650352478027e+01 5.619919456694219662e+01 1.012047764982888452e+03
1.084458994865417480e+01 6.610343076120533112e+01 1.012047764982888452e+03
1.088091588020324707e+01 7.695332882431387134e+01 1.012047764982888452e+03
1.091485762596130371e+01 8.832934869821302470e+01 1.012047764982888452e+03
1.094770050048828125e+01 1.003677127316615696e+02 1.012047764982888452e+03
1.098208332061767578e+01 1.129449347945541007e+02 1.012047764982888452e+03
1.100779104232788086e+01 1.261315696480639872e+02 1.012047764982888452e+03
1.104118418693542480e+01 1.403919599458456275e+02 1.012047764982888452e+03
1.107479763031005859e+01 1.554662726369330414e+02 1.012047764982888452e+03
1.111502575874328613e+01 1.717317966985000339e+02 1.012047764982888452e+03
1.114822673797607422e+01 1.889938606060725306e+02 1.012047764982888452e+03
1.118170690536499023e+01 2.069103770386040253e+02 1.012047764982888452e+03
1.121297860145568848e+01 2.255008520804687180e+02 1.012047764982888452e+03
1.124566483497619629e+01 2.440483395481668651e+02 1.012047764982888452e+03
1.128065490722656250e+01 2.619594233522571471e+02 1.012047764982888452e+03
1.131436371803283691e+01 2.778191889085294974e+02 1.012047764982888452e+03
1.134762310981750488e+01 2.918680973396372451e+02 1.012047764982888452e+03
1.138128542900085449e+01 3.028999236085984990e+02 1.012047764982888452e+03
1.141455197334289551e+01 3.097525515428034169e+02 1.012047764982888452e+03
1.144812703132629395e+01 3.112876373734922595e+02 1.012047764982888452e+03
1.148165392875671387e+01 3.053460184957871206e+02 1.012047764982888452e+03
1.150896930694580078e+01 2.888366569626036267e+02 1.012047764982888452e+03
1.154426455497741699e+01 2.586369353475897128e+02 1.012047764982888452e+03
1.158358001708984375e+01 2.113767468159472571e+02 1.012047764982888452e+03
1.161748623847961426e+01 1.476051856612507720e+02 1.012047764982888452e+03
1.174997878074645996e+01 7.411692158304209954e+01 1.012047764982888452e+03
1.178263473510742188e+01 7.617998946595793086e+01 1.012047764982888452e+03
1.181735277175903320e+01 7.604228789894314389e+01 1.012047764982888452e+03
1.184692001342773438e+01 6.679676400388369473e+01 1.012047764982888452e+03
1.187813544273376465e+01 4.049864107182881412e+01 1.012047764982888452e+03
1.191423416137695312e+01 3.619771296283136763e+01 1.012047764982888452e+03
1.194796013832092285e+01 5.444246777863116193e+01 1.012047764982888452e+03
1.198135209083557129e+01 5.828584152043425348e+01 1.012047764982888452e+03
1.200789189338684082e+01 4.738500578217344383e+01 1.012047764982888452e+03
1.204248380661010742e+01 3.309891290898353589e+01 1.012047764982888452e+03
1.207460904121398926e+01 3.862146952662619981e+01 1.012047764982888452e+03
