7.752203941345214844e-02 1.214580549527669717e+01 1.012100197489846892e+03
1.108148097991943359e-01 1.215064615195431763e+01 1.012100197489846892e+03
1.450374126434326172e-01 1.237982475264900195e+01 1.012100197489846892e+03
1.782429218292236328e-01 1.188300778442933847e+01 1.012100197489846892e+03
2.112033367156982422e-01 1.192310200923152408e+01 1.012100197489846892e+03
2.417519092559814453e-01 1.197243555398935833e+01 1.012100197489846892e+03
2.750089168548583984e-01 1.277673790931946129e+01 1.012100197489846892e+03
3.103923797607421875e-01 1.632721993700020136e+01 1.012100197489846892e+03
3.439164161682128906e-01 2.247316636621992103e+01 1.012100197489846892e+03
3.768138885498046875e-01 3.165433489455060467e+01 1.012100197489846892e+03
4.107766151428222656e-01 4.421615904836661315e+01 1.012100197489846892e+03
4.439358711242675781e-01 5.809074996655805734e+01 1.012100197489846892e+03
4.726395606994628906e-01 7.497360179169571381e+01 1.012100197489846892e+03
5.085556507110595703e-01 9.324698069767019604e+01 1.012100197489846892e+03
5.425872802734375000e-01 1.129557401905019987e+02 1.012100197489846892e+03
5.758626461029052734e-01 1.339061422196690216e+02 1.012100197489846892e+03
6.093647480010986328e-01 1.563038083442911272e+02 1.012100197489846892e+03
6.361315250396728516e-01 1.798281998966992887e+02 1.012100197489846892e+03
6.695787906646728516e-01 2.045090344483437832e+02 1.012100197489846892e+03
7.028253078460693359e-01 2.300068102999250925e+02 1.012100197489846892e+03
7.400774955749511719e-01 2.567019242489199655e+02 1.012100197489846892e+03
7.765300273895263672e-01 2.842966641552000624e+02 1.012100197489846892e+03
8.104269504547119141e-01 3.127644558333222449e+02 1.012100197489846892e+03
8.437697887420654297e-01 3.417120072710010277e+02 1.012100197489846892e+03
8.774495124816894531e-01 3.713561523904814976e+02 1.012100197489846892e+03
9.077091217041015625e-01 4.017268188281626635e+02 1.012100197489846892e+03
9.408545494079589844e-01 4.326759410858241495e+02 1.012100197489846892e+03
9.762449264526367188e-01 4.639636249465702349e+02 1.012100197489846892e+03
1.009796380996704102e+00 4.960049439542984828e+02 1.012100197489846892e+03
1.043080806732177734e+00 5.286803024840455691e+02 1.012100197489846892e+03
1.076383829116821289e+00 5.616992018124327615e+02 1.012100197489846892e+03
1.110021591186523438e+00 5.952089516285251420e+02 1.012100197489846892e+03
1.143980979919433594e+00 6.287198689167123575e+02 1.012100197489846892e+03
1.177383184432983398e+00 6.625123721326842769e+02 1.012100197489846892e+03
1.210472583770751953e+00 6.959438422562478763e+02 1.012100197489846892e+03
1.243859052658081055e+00 7.281384387692617111e+02 1.012100197489846892e+03
1.277671337127685547e+00 7.590838443499861796e+02 1.012100197489846892e+03
1.310014724731445312e+00 7.877158174782997548e+02 1.012100197489846892e+03
1.343504667282104492e+00 8.132966445310635208e+02 1.012100197489846892e+03
1.377308607101440430e+00 8.354928543770281522e+02 1.012100197489846892e+03
1.410373449325561523e+00 8.534719510813617944e+02 1.012100197489846892e+03
1.443542480468750000e+00 8.657809465657608143e+02 1.012100197489846892e+03
1.474289894104003906e+00 8.709485286185239374e+02 1.012100197489846892e+03
1.505840539932250977e+00 8.659926928167055848e+02 1.012100197489846892e+03
1.540373802185058594e+00 8.487740973538644766e+02 1.012100197489846892e+03
1.577126741409301758e+00 8.163200665688380013e+02 1.012100197489846892e+03
1.610082864761352539e+00 7.702829921404395463e+02 1.012100197489846892e+03
