6.999444961547851562e-02 1.149833381663441223e+01 1.011492077416261168e+03
1.033813953399658203e-01 1.150913009597481107e+01 1.011492077416261168e+03
1.368782520294189453e-01 1.139733179075134117e+01 1.011492077416261168e+03
1.700468063354492188e-01 1.149259209982480101e+01 1.011492077416261168e+03
2.031946182250976562e-01 1.155054941797287782e+01 1.011492077416261168e+03
2.365245819091796875e-01 1.156472307183241988e+01 1.011492077416261168e+03
2.674164772033691406e-01 1.172862554910429012e+01 1.011492077416261168e+03
3.006305694580078125e-01 1.242361885611447114e+01 1.011492077416261168e+03
3.341748714447021484e-01 1.409112275474371856e+01 1.011492077416261168e+03
3.693308830261230469e-01 1.628530508867795135e+01 1.011492077416261168e+03
4.027028083801269531e-01 1.928484171802399771e+01 1.011492077416261168e+03
4.363865852355957031e-01 2.307498947095992392e+01 1.011492077416261168e+03
4.694685935974121094e-01 2.770615921176473506e+01 1.011492077416261168e+03
5.029070377349853516e-01 3.278163959520327353e+01 1.011492077416261168e+03
5.364029407501220703e-01 3.818760076404438308e+01 1.011492077416261168e+03
5.693490505218505859e-01 4.406524696372986227e+01 1.011492077416261168e+03
6.029913425445556641e-01 4.952658654412611838e+01 1.011492077416261168e+03
6.359860897064208984e-01 5.487555500767504668e+01 1.011492077416261168e+03
6.691710948944091797e-01 5.966314329514317905e+01 1.011492077416261168e+03
7.051517963409423828e-01 6.347503676677495577e+01 1.011492077416261168e+03
7.297589778900146484e-01 6.605704653091358125e+01 1.011492077416261168e+03
7.651553153991699219e-01 6.771656928300271261e+01 1.011492077416261168e+03
8.043737411499023438e-01 6.870668709810767893e+01 1.011492077416261168e+03
8.376536369323730469e-01 6.871643001826990371e+01 1.011492077416261168e+03
8.714182376861572266e-01 6.799345372717013447e+01 1.011492077416261168e+03
8.961353302001953125e-01 6.644934218637422418e+01 1.011492077416261168e+03
9.293842315673828125e-01 6.495443476172842168e+01 1.011492077416261168e+03
9.633178710937500000e-01 6.291540251148833107e+01 1.011492077416261168e+03
1.002955675125122070e+00 6.072852804143806793e+01 1.011492077416261168e+03
1.037117004394531250e+00 5.851252747211066918e+01 1.011492077416261168e+03
1.070430755615234375e+00 5.635265443987407252e+01 1.011492077416261168e+03
1.104039907455444336e+00 5.451457670293330438e+01 1.011492077416261168e+03
1.136522531509399414e+00 5.269896053748134079e+01 1.011492077416261168e+03
1.170097112655639648e+00 5.111048991246217099e+01 1.011492077416261168e+03
1.203623294830322266e+00 5.001711365572488432e+01 1.011492077416261168e+03
1.236832141876220703e+00 4.865175581314893094e+01 1.011492077416261168e+03
1.266056537628173828e+00 4.806303082434008189e+01 1.011492077416261168e+03
1.302021026611328125e+00 4.753735205868667890e+01 1.011492077416261168e+03
1.335530757904052734e+00 4.711758443102598193e+01 1.011492077416261168e+03
1.371447324752807617e+00 4.689850870353391343e+01 1.011492077416261168e+03
1.396487474441528320e+00 4.706364737608743809e+01 1.011492077416261168e+03
1.430128097534179688e+00 4.732555542004001126e+01 1.011492077416261168e+03
1.465224742889404297e+00 4.772268704962175434e+01 1.011492077416261168e+03
1.499251365661621094e+00 4.855045829284770065e+01 1.011492077416261168e+03
1.530647516250610352e+00 4.938760426129901049e+01 1.011492077416261168e+03
1.568399906158447266e+00 5.052552134740728462e+01 1.011492077416261168e+03
1.604787349700927734e+00 5.150352704759092859e+01 1.011492077416261168e+03
1.637779951095581055e+00 5.270529582728210727e+01 1.011492077416261168e+03
1.668286800384521484e+00 5.355174153082460720e+01 1.011492077416261168e+03
1.701409339904785156e+00 5.438567115010975073e+01 1.011492077416261168e+03
1.734797477722167969e+00 5.499948567535459176e+01 1.011492077416261168e+03
1.768118858337402344e+00 5.563737820954796831e+01 1.011492077416261168e+03
1.803348779678344727e+00 5.598441023791182403e+01 1.011492077416261168e+03
1.836641311645507812e+00 5.615556712432754694e+01 1.011492077416261168e+03
1.870098352432250977e+00 5.622231669656479625e+01 1.011492077416261168e+03
1.896197557449340820e+00 5.642625128061213502e+01 1.011492077416261168e+03
1.929244756698608398e+00 5.649408776552517253e+01 1.011492077416261168e+03
1.962795495986938477e+00 5.649244326196233601e+01 1.011492077416261168e+03
1.998949527740478516e+00 5.668538805574241479e+01 1.011492077416261168e+03
2.036592721939086914e+00 5.663460191734497329e+01 1.011492077416261168e+03
2.070137500762939453e+00 5.664948514015652137e+01 1.011492077416261168e+03
2.104680776596069336e+00 5.649807508055612715e+01 1.011492077416261168e+03
2.136720180511474609e+00 5.629505834586358759e+01 1.011492077416261168e+03
2.170388460159301758e+00 5.606123341250997782e+01 1.011492077416261168e+03
2.203768968582153320e+00 5.596510483002354874e+01 1.011492077416261168e+03
2.234574317932128906e+00 5.561148450730332371e+01 1.011492077416261168e+03
2.266728878021240234e+00 5.556518925481489646e+01 1.011492077416261168e+03
2.304198980331420898e+00 5.544002210972059430e+01 1.011492077416261168e+03
2.338711261749267578e+00 5.545294279104277280e+01 1.011492077416261168e+03
2.371113777160644531e+00 5.558875810272989071e+01 1.011492077416261168e+03
2.404599189758300781e+00 5.572123165102843245e+01 1.011492077416261168e+03
2.437775135040283203e+00 5.551322195665338910e+01 1.011492077416261168e+03
2.468493700027465820e+00 5.544615071168298215e+01 1.011492077416261168e+03
2.501427888870239258e+00 5.542963098344992545e+01 1.011492077416261168e+03
2.534965038299560547e+00 5.540301946017719104e+01 1.011492077416261168e+03
2.568265438079833984e+00 5.542768145001480207e+01 1.011492077416261168e+03
2.601248264312744141e+00 5.555551662584539940e+01 1.011492077416261168e+03
2.634939908981323242e+00 5.551585114842043112e+01 1.011492077416261168e+03
2.668274164199829102e+00 5.567390265789758530e+01 1.011492077416261168e+03
2.701754570007324219e+00 5.597324264968987961e+01 1.011492077416261168e+03
2.730803966522216797e+00 5.600318226664891341e+01 1.011492077416261168e+03
2.764486551284790039e+00 5.583262025233533166e+01 1.011492077416261168e+03
2.805114030838012695e+00 5.588585138466387292e+01 1.011492077416261168e+03
2.837857961654663086e+00 5.598384826250401147e+01 1.011492077416261168e+03
2.871394634246826172e+00 5.613942635522227675e+01 1.011492077416261168e+03
2.897259712219238281e+00 5.633039979406905218e+01 1.011492077416261168e+03
2.929490089416503906e+00 5.652044292591663321e+01 1.011492077416261168e+03
2.963204860687255859e+00 5.661247304289479843e+01 1.011492077416261168e+03
2.999739646911621094e+00 5.673626739435574962e+01 1.011492077416261168e+03
3.036704540252685547e+00 5.688003684259260240e+01 1.011492077416261168e+03
3.070135593414306641e+00 5.699155549890102179e+01 1.011492077416261168e+03
3.103788375854492188e+00 5.701615619212508079e+01 1.011492077416261168e+03
3.137282371520996094e+00 5.733606045684598485e+01 1.011492077416261168e+03
3.170922517776489258e+00 5.730135840300379613e+01 1.011492077416261168e+03
3.203706741333007812e+00 5.749389893957969377e+01 1.011492077416261168e+03
3.236423969268798828e+00 5.748540115273704032e+01 1.011492077416261168e+03
3.267790079116821289e+00 5.750626579663772020e+01 1.011492077416261168e+03
3.301144123077392578e+00 5.746441644534435511e+01 1.011492077416261168e+03
3.337069988250732422e+00 5.762018912811074500e+01 1.011492077416261168e+03
3.371375799179077148e+00 5.781042506523575497e+01 1.011492077416261168e+03
3.404314279556274414e+00 5.797024537673233624e+01 1.011492077416261168e+03
3.437992334365844727e+00 5.823808472594728158e+01 1.011492077416261168e+03
3.471199989318847656e+00 5.838797705763480650e+01 1.011492077416261168e+03
3.501715421676635742e+00 5.896436649420751763e+01 1.011492077416261168e+03
3.534697294235229492e+00 5.922936978169143885e+01 1.011492077416261168e+03
3.568185806274414062e+00 5.942897505236039990e+01 1.011492077416261168e+03
3.603227376937866211e+00 5.975838952035427809e+01 1.011492077416261168e+03
3.636875391006469727e+00 5.999385733743804394e+01 1.011492077416261168e+03
3.669990539550781250e+00 6.026213973887025332e+01 1.011492077416261168e+03
3.703146219253540039e+00 6.032059068453654049e+01 1.011492077416261168e+03
3.733583927154541016e+00 6.052465685208726853e+01 1.011492077416261168e+03
3.764512538909912109e+00 6.039729713719954418e+01 1.011492077416261168e+03
3.801293373107910156e+00 6.008680577766221376e+01 1.011492077416261168e+03
3.838015556335449219e+00 6.002868426179737327e+01 1.011492077416261168e+03
3.871111631393432617e+00 5.973884143200997698e+01 1.011492077416261168e+03
3.900215864181518555e+00 5.963088917249617538e+01 1.011492077416261168e+03
3.929460287094116211e+00 5.957470494641659542e+01 1.011492077416261168e+03
3.962666034698486328e+00 5.963395504564059024e+01 1.011492077416261168e+03
3.995946407318115234e+00 5.971979916318272075e+01 1.011492077416261168e+03
4.035765171051025391e+00 5.984126107337834810e+01 1.011492077416261168e+03
4.069487094879150391e+00 6.022235861760410103e+01 1.011492077416261168e+03
4.103325128555297852e+00 6.032506680932951326e+01 1.011492077416261168e+03
4.136869192123413086e+00 6.019877395409719156e+01 1.011492077416261168e+03
4.170285701751708984e+00 5.996636027593191898e+01 1.011492077416261168e+03
4.203626871109008789e+00 5.982272424426584223e+01 1.011492077416261168e+03
4.234383106231689453e+00 5.968937570696493822e+01 1.011492077416261168e+03
4.266894578933715820e+00 5.959087863239362548e+01 1.011492077416261168e+03
4.301769733428955078e+00 5.937758366293376611e+01 1.011492077416261168e+03
4.333257436752319336e+00 5.926854478244901259e+01 1.011492077416261168e+03
4.367144346237182617e+00 5.924300838958388482e+01 1.011492077416261168e+03
4.403190612792968750e+00 5.929718970138521428e+01 1.011492077416261168e+03
4.436595916748046875e+00 5.946930989240705401e+01 1.011492077416261168e+03
4.470263957977294922e+00 5.953763323394862539e+01 1.011492077416261168e+03
4.503464698791503906e+00 5.971607651009036744e+01 1.011492077416261168e+03
4.534162759780883789e+00 5.981697740918623651e+01 1.011492077416261168e+03
4.567379474639892578e+00 5.971667048537472056e+01 1.011492077416261168e+03
4.602387905120849609e+00 5.989017993809824247e+01 1.011492077416261168e+03
4.635819435119628906e+00 5.996149249472889409e+01 1.011492077416261168e+03
4.669314861297607422e+00 6.026175996810714253e+01 1.011492077416261168e+03
4.702687263488769531e+00 6.058261804794860694e+01 1.011492077416261168e+03
4.735924959182739258e+00 6.080394733351305092e+01 1.011492077416261168e+03
4.769059896469116211e+00 6.113560451207379032e+01 1.011492077416261168e+03
4.802436828613281250e+00 6.158136273648212011e+01 1.011492077416261168e+03
4.835808515548706055e+00 6.200032513646534227e+01 1.011492077416261168e+03
4.869064092636108398e+00 6.256592550097555261e+01 1.011492077416261168e+03
4.902143239974975586e+00 6.295769408305466897e+01 1.011492077416261168e+03
4.929714918136596680e+00 6.333936739761124812e+01 1.011492077416261168e+03
4.962747335433959961e+00 6.349496913493204175e+01 1.011492077416261168e+03
4.998750209808349609e+00 6.380400355880360053e+01 1.011492077416261168e+03
5.035153150558471680e+00 6.381107446531045468e+01 1.011492077416261168e+03
5.070152759552001953e+00 6.398218107985334768e+01 1.011492077416261168e+03
5.103508710861206055e+00 6.405338452791774273e+01 1.011492077416261168e+03
5.136828660964965820e+00 6.413687917046506470e+01 1.011492077416261168e+03
5.170019388198852539e+00 6.431465610216088180e+01 1.011492077416261168e+03
5.204124689102172852e+00 6.435949901348821811e+01 1.011492077416261168e+03
5.234824657440185547e+00 6.446986970886963775e+01 1.011492077416261168e+03
5.266265392303466797e+00 6.460986900572433456e+01 1.011492077416261168e+03
5.302016496658325195e+00 6.473101375610859520e+01 1.011492077416261168e+03
5.337778806686401367e+00 6.485312881499527293e+01 1.011492077416261168e+03
5.370989799499511719e+00 6.504310748996498148e+01 1.011492077416261168e+03
5.404244661331176758e+00 6.534558517873664130e+01 1.011492077416261168e+03
5.437776327133178711e+00 6.543203799514284924e+01 1.011492077416261168e+03
5.468186140060424805e+00 6.577384320462125800e+01 1.011492077416261168e+03
5.501471042633056641e+00 6.596626170238390330e+01 1.011492077416261168e+03
5.535607814788818359e+00 6.643055364699320364e+01 1.011492077416261168e+03
5.568124055862426758e+00 6.672772799432708268e+01 1.011492077416261168e+03
5.601842880249023438e+00 6.725978104333042040e+01 1.011492077416261168e+03
5.634743213653564453e+00 6.777515743922110403e+01 1.011492077416261168e+03
5.668001413345336914e+00 6.812350094487801755e+01 1.011492077416261168e+03
5.701442003250122070e+00 6.841389982581688400e+01 1.011492077416261168e+03
5.734561920166015625e+00 6.875489242315147465e+01 1.011492077416261168e+03
5.763371706008911133e+00 6.893547366049655523e+01 1.011492077416261168e+03
5.799482345581054688e+00 6.927581191303643493e+01 1.011492077416261168e+03
5.837369918823242188e+00 6.946150458234984626e+01 1.011492077416261168e+03
5.871155738830566406e+00 6.962881160571929229e+01 1.011492077416261168e+03
5.902011632919311523e+00 6.977571729181028104e+01 1.011492077416261168e+03
5.931082248687744141e+00 6.979701122483955089e+01 1.011492077416261168e+03
5.963091850280761719e+00 7.015960170711926480e+01 1.011492077416261168e+03
5.996130466461181641e+00 7.029911484751568196e+01 1.011492077416261168e+03
6.036421060562133789e+00 7.037484866052520260e+01 1.011492077416261168e+03
6.070371866226196289e+00 7.049129952662920573e+01 1.011492077416261168e+03
6.103488683700561523e+00 7.067701642901194248e+01 1.011492077416261168e+03
6.137501955032348633e+00 7.071585859592792644e+01 1.011492077416261168e+03
6.170239448547363281e+00 7.048212581433713808e+01 1.011492077416261168e+03
6.203831434249877930e+00 7.033384778769423917e+01 1.011492077416261168e+03
6.233046293258666992e+00 7.031339587417494386e+01 1.011492077416261168e+03
6.265081644058227539e+00 7.013663447233848558e+01 1.011492077416261168e+03
6.303672313690185547e+00 6.989804479104577695e+01 1.011492077416261168e+03
6.337602376937866211e+00 6.981734951085695684e+01 1.011492077416261168e+03
6.370940923690795898e+00 6.970959963360699874e+01 1.011492077416261168e+03
6.401214361190795898e+00 6.975151607908905760e+01 1.011492077416261168e+03
6.433081388473510742e+00 6.964007268616555280e+01 1.011492077416261168e+03
6.470336198806762695e+00 6.955651316325652544e+01 1.011492077416261168e+03
6.504073619842529297e+00 6.952064196584056788e+01 1.011492077416261168e+03
6.536122322082519531e+00 6.953534201283714822e+01 1.011492077416261168e+03
6.563227653503417969e+00 6.984248908595630212e+01 1.011492077416261168e+03
6.604739904403686523e+00 7.005453740872815160e+01 1.011492077416261168e+03
6.637377262115478516e+00 7.035427463527395275e+01 1.011492077416261168e+03
6.671165466308593750e+00 7.079172690448764627e+01 1.011492077416261168e+03
6.705408573150634766e+00 7.124853288584859001e+01 1.011492077416261168e+03
6.737581014633178711e+00 7.167667021986392228e+01 1.011492077416261168e+03
6.768293380737304688e+00 7.278153677682522016e+01 1.011492077416261168e+03
6.801326513290405273e+00 7.357389039068272041e+01 1.011492077416261168e+03
6.834793329238891602e+00 7.466537906667701918e+01 1.011492077416261168e+03
6.870025396347045898e+00 7.562201982188557281e+01 1.011492077416261168e+03
6.906318664550781250e+00 7.675040056286445633e+01 1.011492077416261168e+03
6.929305553436279297e+00 7.797252873186141642e+01 1.011492077416261168e+03
6.963303327560424805e+00 7.876694897762141068e+01 1.011492077416261168e+03
6.995618820190429688e+00 7.973236901226793805e+01 1.011492077416261168e+03
7.034755468368530273e+00 8.062925844531126529e+01 1.011492077416261168e+03
7.069587707519531250e+00 8.142060531574232130e+01 1.011492077416261168e+03
7.103376865386962891e+00 8.211386803605273599e+01 1.011492077416261168e+03
7.136626243591308594e+00 8.268705187157441117e+01 1.011492077416261168e+03
7.169887542724609375e+00 8.301578412782298244e+01 1.011492077416261168e+03
7.203665971755981445e+00 8.349069934438570328e+01 1.011492077416261168e+03
7.233311176300048828e+00 8.396971381592926775e+01 1.011492077416261168e+03
7.265834808349609375e+00 8.439205262193402746e+01 1.011492077416261168e+03
7.301955223083496094e+00 8.516102112786890643e+01 1.011492077416261168e+03
7.336411714553833008e+00 8.556220268013055374e+01 1.011492077416261168e+03
7.368742465972900391e+00 8.530512414805546939e+01 1.011492077416261168e+03
7.402061223983764648e+00 8.530262471636611110e+01 1.011492077416261168e+03
7.435133934020996094e+00 8.490946098754263005e+01 1.011492077416261168e+03
7.468822002410888672e+00 8.465204154997687169e+01 1.011492077416261168e+03
7.502005815505981445e+00 8.455428983636996065e+01 1.011492077416261168e+03
7.535626649856567383e+00 8.447142793414444384e+01 1.011492077416261168e+03
7.568934679031372070e+00 8.396628161167869564e+01 1.011492077416261168e+03
7.602136373519897461e+00 8.377863445625368399e+01 1.011492077416261168e+03
7.635510206222534180e+00 8.351668332720969090e+01 1.011492077416261168e+03
7.668837785720825195e+00 8.309511992608607045e+01 1.011492077416261168e+03
7.702367067337036133e+00 8.276155661531912244e+01 1.011492077416261168e+03
7.735262393951416016e+00 8.251273637091964019e+01 1.011492077416261168e+03
7.768851757049560547e+00 8.209842728332299089e+01 1.011492077416261168e+03
7.801985740661621094e+00 8.183152781138048226e+01 1.011492077416261168e+03
7.835544347763061523e+00 8.144844240681304370e+01 1.011492077416261168e+03
7.868880271911621094e+00 8.120664021547405298e+01 1.011492077416261168e+03
7.898929834365844727e+00 8.078156978024641433e+01 1.011492077416261168e+03
7.929572820663452148e+00 8.051585450041399383e+01 1.011492077416261168e+03
7.962786436080932617e+00 8.040620499626274409e+01 1.011492077416261168e+03
7.997116327285766602e+00 8.019131396868209549e+01 1.011492077416261168e+03
8.030011177062988281e+00 7.982958960570672957e+01 1.011492077416261168e+03
8.063805103302001953e+00 7.964449987303770229e+01 1.011492077416261168e+03
8.097528696060180664e+00 7.933192770177440423e+01 1.011492077416261168e+03
8.137060165405273438e+00 7.909013807164262744e+01 1.011492077416261168e+03
8.170848369598388672e+00 7.893968695956390036e+01 1.011492077416261168e+03
8.204632520675659180e+00 7.895957505785318631e+01 1.011492077416261168e+03
8.235646724700927734e+00 7.921176145409860681e+01 1.011492077416261168e+03
8.268546819686889648e+00 7.931761795786711389e+01 1.011492077416261168e+03
8.304420948028564453e+00 7.954976667531882129e+01 1.011492077416261168e+03
8.336612939834594727e+00 7.997150516969523437e+01 1.011492077416261168e+03
8.370404720306396484e+00 8.040580502153333953e+01 1.011492077416261168e+03
8.403807640075683594e+00 8.072067276334573194e+01 1.011492077416261168e+03
8.436755657196044922e+00 8.114197532070518548e+01 1.011492077416261168e+03
8.470394372940063477e+00 8.129284664202653232e+01 1.011492077416261168e+03
8.503476381301879883e+00 8.149764590533499131e+01 1.011492077416261168e+03
8.536849498748779297e+00 8.160307988119149059e+01 1.011492077416261168e+03
8.570047855377197266e+00 8.165225911985783114e+01 1.011492077416261168e+03
8.603322744369506836e+00 8.153297505879788787e+01 1.011492077416261168e+03
8.636830806732177734e+00 8.160828232751534017e+01 1.011492077416261168e+03
8.670318841934204102e+00 8.180911238703679089e+01 1.011492077416261168e+03
8.703505754470825195e+00 8.180035856590987464e+01 1.011492077416261168e+03
8.736383914947509766e+00 8.197986584085161610e+01 1.011492077416261168e+03
8.764217853546142578e+00 8.243352445983424559e+01 1.011492077416261168e+03
8.797100067138671875e+00 8.256205905097040443e+01 1.011492077416261168e+03
8.837994098663330078e+00 8.282742892501460119e+01 1.011492077416261168e+03
8.871343612670898438e+00 8.299417799449587108e+01 1.011492077416261168e+03
8.899497032165527344e+00 8.314842010914389903e+01 1.011492077416261168e+03
8.929283142089843750e+00 8.346687843421965169e+01 1.011492077416261168e+03
8.962677717208862305e+00 8.369289643084395891e+01 1.011492077416261168e+03
8.996157169342041016e+00 8.408273639843939407e+01 1.011492077416261168e+03
9.033550739288330078e+00 8.435410683959183586e+01 1.011492077416261168e+03
9.068896293640136719e+00 8.447357757800794786e+01 1.011492077416261168e+03
9.103280305862426758e+00 8.496835901378331357e+01 1.011492077416261168e+03
9.137076377868652344e+00 8.531214796051904159e+01 1.011492077416261168e+03
9.170782327651977539e+00 8.570852753751177033e+01 1.011492077416261168e+03
9.203238725662231445e+00 8.607081407306620235e+01 1.011492077416261168e+03
9.237319469451904297e+00 8.625363431747550180e+01 1.011492077416261168e+03
9.270339488983154297e+00 8.692432343572289710e+01 1.011492077416261168e+03
9.303714036941528320e+00 8.706317047196799308e+01 1.011492077416261168e+03
9.335952758789062500e+00 8.738503941278314358e+01 1.011492077416261168e+03
9.367325067520141602e+00 8.761760929816870203e+01 1.011492077416261168e+03
9.402421474456787109e+00 8.771914054537823802e+01 1.011492077416261168e+03
9.436066627502441406e+00 8.800947169346734711e+01 1.011492077416261168e+03
9.469621896743774414e+00 8.857136378618683636e+01 1.011492077416261168e+03
9.502523660659790039e+00 8.913101947983243178e+01 1.011492077416261168e+03
9.535638570785522461e+00 8.938746906161914296e+01 1.011492077416261168e+03
9.568988084793090820e+00 8.975711259557135691e+01 1.011492077416261168e+03
9.602573394775390625e+00 9.026655242831397175e+01 1.011492077416261168e+03
9.636044740676879883e+00 9.056122382804736048e+01 1.011492077416261168e+03
9.669377088546752930e+00 9.102984838926300881e+01 1.011492077416261168e+03
9.702463388442993164e+00 9.146387314528463719e+01 1.011492077416261168e+03
9.735904932022094727e+00 9.173503780920898976e+01 1.011492077416261168e+03
9.769407749176025391e+00 9.200667098382940878e+01 1.011492077416261168e+03
9.802484273910522461e+00 9.215251774512121585e+01 1.011492077416261168e+03
9.836034297943115234e+00 9.238116865644946074e+01 1.011492077416261168e+03
9.869462490081787109e+00 9.275802017524438270e+01 1.011492077416261168e+03
9.900220632553100586e+00 9.305333040030100733e+01 1.011492077416261168e+03
9.930835247039794922e+00 9.320909883269179375e+01 1.011492077416261168e+03
9.962938785552978516e+00 9.362645024100346802e+01 1.011492077416261168e+03
9.996922254562377930e+00 9.405967701209900156e+01 1.011492077416261168e+03
1.003000712394714355e+01 9.441854117098010590e+01 1.011492077416261168e+03
1.006321096420288086e+01 9.504180885538829671e+01 1.011492077416261168e+03
1.009664607048034668e+01 9.534571506612368808e+01 1.011492077416261168e+03
1.013099265098571777e+01 9.578839557981366681e+01 1.011492077416261168e+03
1.016448926925659180e+01 9.626091087123367629e+01 1.011492077416261168e+03
1.020418238639831543e+01 9.670560887770179193e+01 1.011492077416261168e+03
1.023744440078735352e+01 9.726529532648372367e+01 1.011492077416261168e+03
1.027100157737731934e+01 9.726315411216287998e+01 1.011492077416261168e+03
1.030426073074340820e+01 9.743275169190079055e+01 1.011492077416261168e+03
1.033497834205627441e+01 9.766564453900009823e+01 1.011492077416261168e+03
1.036880254745483398e+01 9.697398841083177956e+01 1.011492077416261168e+03
1.040182709693908691e+01 9.656471109728479973e+01 1.011492077416261168e+03
1.043488383293151855e+01 9.582091067634034687e+01 1.011492077416261168e+03
1.046800947189331055e+01 9.517870431017115607e+01 1.011492077416261168e+03
1.050181889533996582e+01 9.449509486401635172e+01 1.011492077416261168e+03
