8.431148529052734375e-02 1.073536558806532604e+01 1.010696488570037559e+03
1.187078952789306641e-01 1.075543818111562189e+01 1.010696488570037559e+03
1.486420631408691406e-01 1.084208106683460748e+01 1.010696488570037559e+03
1.801118850708007812e-01 1.086746804018154755e+01 1.010696488570037559e+03
2.169196605682373047e-01 1.095558435147038345e+01 1.010696488570037559e+03
2.500834465026855469e-01 1.110106777356228491e+01 1.010696488570037559e+03
2.796523571014404297e-01 1.162494774523523233e+01 1.010696488570037559e+03
3.099095821380615234e-01 1.377425123033618704e+01 1.010696488570037559e+03
3.519732952117919922e-01 1.901022336194987616e+01 1.010696488570037559e+03
3.850326538085937500e-01 2.713374669313922283e+01 1.010696488570037559e+03
4.182844161987304688e-01 3.775501372319552473e+01 1.010696488570037559e+03
4.516894817352294922e-01 5.121267726185442370e+01 1.010696488570037559e+03
4.776167869567871094e-01 6.678669443467657629e+01 1.010696488570037559e+03
5.097479820251464844e-01 8.452722311571241676e+01 1.010696488570037559e+03
5.428721904754638672e-01 1.037194165870881051e+02 1.010696488570037559e+03
5.832593441009521484e-01 1.240824014035853367e+02 1.010696488570037559e+03
6.170880794525146484e-01 1.459094643183410653e+02 1.010696488570037559e+03
6.512045860290527344e-01 1.689059254063962214e+02 1.010696488570037559e+03
6.843473911285400391e-01 1.926749524871226242e+02 1.010696488570037559e+03
7.168822288513183594e-01 2.172723175132583719e+02 1.010696488570037559e+03
7.507128715515136719e-01 2.425936224461805750e+02 1.010696488570037559e+03
7.836625576019287109e-01 2.685327565215566779e+02 1.010696488570037559e+03
8.169274330139160156e-01 2.946890904691174455e+02 1.010696488570037559e+03
8.507153987884521484e-01 3.213762012302632343e+02 1.010696488570037559e+03
8.840570449829101562e-01 3.481656855507436603e+02 1.010696488570037559e+03
9.154942035675048828e-01 3.752349657625272243e+02 1.010696488570037559e+03
9.464344978332519531e-01 4.022396467708488785e+02 1.010696488570037559e+03
9.804394245147705078e-01 4.285459612873661399e+02 1.010696488570037559e+03
1.017674207687377930e+00 4.525149524995201205e+02 1.010696488570037559e+03
1.051397085189819336e+00 4.690708060222013387e+02 1.010696488570037559e+03
1.085685014724731445e+00 4.830237173658749725e+02 1.010696488570037559e+03
1.119171857833862305e+00 4.954648525944157313e+02 1.010696488570037559e+03
1.149485349655151367e+00 5.062632624703451825e+02 1.010696488570037559e+03
1.179103374481201172e+00 5.147658325157266290e+02 1.010696488570037559e+03
1.214401960372924805e+00 5.203887436307564940e+02 1.010696488570037559e+03
1.252379894256591797e+00 5.222564411662884822e+02 1.010696488570037559e+03
1.276778936386108398e+00 5.187542236926113901e+02 1.010696488570037559e+03
1.312513589859008789e+00 5.081104907327148226e+02 1.010696488570037559e+03
1.352462530136108398e+00 4.868955230725037495e+02 1.010696488570037559e+03
1.385863304138183594e+00 4.523855622313713525e+02 1.010696488570037559e+03
1.418658494949340820e+00 4.013100126301268347e+02 1.010696488570037559e+03
1.446681022644042969e+00 3.348584316911416181e+02 1.010696488570037559e+03
1.618516445159912109e+00 8.537403106866052838e+01 1.010696488570037559e+03
1.651024341583251953e+00 9.924427747662741695e+01 1.010696488570037559e+03
1.684889554977416992e+00 9.770837201174782649e+01 1.010696488570037559e+03
1.717680931091308594e+00 8.369983166510884587e+01 1.010696488570037559e+03
1.818095207214355469e+00 5.202242961582854264e+01 1.010696488570037559e+03
1.851028203964233398e+00 8.439066687315926174e+01 1.010696488570037559e+03
1.884046077728271484e+00 9.019547817101774001e+01 1.010696488570037559e+03
1.916208744049072266e+00 9.180598874972569945e+01 1.010696488570037559e+03
1.948051691055297852e+00 1.038854108917035859e+02 1.010696488570037559e+03
1.983276844024658203e+00 1.259228800323696049e+02 1.010696488570037559e+03
2.016656398773193359e+00 1.444143045353964396e+02 1.010696488570037559e+03
2.049982070922851562e+00 1.521926117206887739e+02 1.010696488570037559e+03
2.083647966384887695e+00 1.554633240876157743e+02 1.010696488570037559e+03
2.217311382293701172e+00 1.986023143379863996e+02 1.010696488570037559e+03
2.249985933303833008e+00 1.952390925370220600e+02 1.010696488570037559e+03
2.283096551895141602e+00 2.119820179351576144e+02 1.010696488570037559e+03
2.309998750686645508e+00 2.548776702121695337e+02 1.010696488570037559e+03
2.352871894836425781e+00 3.040437458259846721e+02 1.010696488570037559e+03
2.385281801223754883e+00 3.268413952452802391e+02 1.010696488570037559e+03
2.419572591781616211e+00 3.488492856588677569e+02 1.010696488570037559e+03
2.452833175659179688e+00 3.578170219961587009e+02 1.010696488570037559e+03
2.477869987487792969e+00 4.000397714300540883e+02 1.010696488570037559e+03
2.543425083160400391e+00 4.843101013099287115e+02 1.010696488570037559e+03
2.579707860946655273e+00 5.259733108266184445e+02 1.010696488570037559e+03
2.617775678634643555e+00 5.691310659975467843e+02 1.010696488570037559e+03
2.651567935943603516e+00 6.157708245500878093e+02 1.010696488570037559e+03
2.719131946563720703e+00 7.187782379422055783e+02 1.010696488570037559e+03
2.751811265945434570e+00 7.772458376723660649e+02 1.010696488570037559e+03
2.784873962402343750e+00 8.335587505499883036e+02 1.010696488570037559e+03
2.818125724792480469e+00 8.879448518836755966e+02 1.010696488570037559e+03
2.851510286331176758e+00 9.335284915640060035e+02 1.010696488570037559e+03
2.884813547134399414e+00 9.754569026428165444e+02 1.010696488570037559e+03
2.946975708007812500e+00 1.031172727252578852e+03 1.010696488570037559e+03
2.980924367904663086e+00 1.043916089094707104e+03 1.010696488570037559e+03
3.018553256988525391e+00 1.051252378609177640e+03 1.010696488570037559e+03
3.051801204681396484e+00 1.050386734236101347e+03 1.010696488570037559e+03
3.085331201553344727e+00 1.027868042607212374e+03 1.010696488570037559e+03
3.119089603424072266e+00 1.015732947338508211e+03 1.010696488570037559e+03
3.148806095123291016e+00 9.827825919962565422e+02 1.010696488570037559e+03
3.182354688644409180e+00 9.407538182238043873e+02 1.010696488570037559e+03
3.215502738952636719e+00 9.124355846917482040e+02 1.010696488570037559e+03
