8.132362365722656250e-02 1.317973602016481749e+01 1.013197435113700180e+03
1.146020889282226562e-01 1.318629816878765126e+01 1.013197435113700180e+03
1.478807926177978516e-01 1.303687519980617182e+01 1.013197435113700180e+03
1.810190677642822266e-01 1.325945169176862670e+01 1.013197435113700180e+03
2.141017913818359375e-01 1.331297599614999250e+01 1.013197435113700180e+03
2.478897571563720703e-01 1.368550647978618606e+01 1.013197435113700180e+03
2.815279960632324219e-01 1.475875883541196565e+01 1.013197435113700180e+03
3.139295578002929688e-01 1.803930318081095052e+01 1.013197435113700180e+03
3.448400497436523438e-01 2.400112182016129481e+01 1.013197435113700180e+03
3.779017925262451172e-01 3.316736053334262380e+01 1.013197435113700180e+03
4.119648933410644531e-01 4.504318059168067379e+01 1.013197435113700180e+03
4.470252990722656250e-01 5.913528041121005430e+01 1.013197435113700180e+03
4.789230823516845703e-01 7.527635240807551043e+01 1.013197435113700180e+03
5.124375820159912109e-01 9.290283555095625445e+01 1.013197435113700180e+03
5.383107662200927734e-01 1.117820543050211342e+02 1.013197435113700180e+03
5.720758438110351562e-01 1.321292676194570674e+02 1.013197435113700180e+03
6.061842441558837891e-01 1.531519528686062017e+02 1.013197435113700180e+03
6.463131904602050781e-01 1.751264970295497392e+02 1.013197435113700180e+03
6.795756816864013672e-01 1.976380211196497214e+02 1.013197435113700180e+03
7.131221294403076172e-01 2.211739836473500702e+02 1.013197435113700180e+03
7.465567588806152344e-01 2.451952524108348257e+02 1.013197435113700180e+03
7.794237136840820312e-01 2.693054316246064559e+02 1.013197435113700180e+03
8.140530586242675781e-01 2.938840165570809404e+02 1.013197435113700180e+03
8.466598987579345703e-01 3.190119952242471868e+02 1.013197435113700180e+03
8.794598579406738281e-01 3.442137139512553858e+02 1.013197435113700180e+03
9.134118556976318359e-01 3.690786612234294353e+02 1.013197435113700180e+03
9.468688964843750000e-01 3.931316263069978731e+02 1.013197435113700180e+03
9.797840118408203125e-01 4.161991856950018018e+02 1.013197435113700180e+03
1.013162851333618164e+00 4.376549940400498713e+02 1.013197435113700180e+03
1.046306371688842773e+00 4.565804699110117326e+02 1.013197435113700180e+03
1.077653408050537109e+00 4.722534467285544224e+02 1.013197435113700180e+03
1.107438087463378906e+00 4.833318429700678394e+02 1.013197435113700180e+03
1.146124362945556641e+00 4.899778119549545181e+02 1.013197435113700180e+03
1.179376125335693359e+00 4.906229780872805577e+02 1.013197435113700180e+03
1.212943315505981445e+00 4.832075631138691278e+02 1.013197435113700180e+03
1.247001171112060547e+00 4.645838783797943279e+02 1.013197435113700180e+03
1.279607057571411133e+00 4.323486531922717404e+02 1.013197435113700180e+03
1.312968969345092773e+00 3.839222014488896662e+02 1.013197435113700180e+03
