7.342195510864257812e-02 -2.707823169383619888e+00 9.972961666698894305e+02
1.073546409606933594e-01 -2.793315870620536767e+00 9.972961666698894305e+02
1.399955749511718750e-01 -2.660117483733857036e+00 9.972961666698894305e+02
1.739258766174316406e-01 -2.510141509166069262e+00 9.972961666698894305e+02
2.037808895111083984e-01 -2.442638293803380378e+00 9.972961666698894305e+02
2.372529506683349609e-01 -2.529747399588994305e+00 9.972961666698894305e+02
2.726459503173828125e-01 -1.590356797619727480e+00 9.972961666698894305e+02
3.064761161804199219e-01 1.250939031160051229e+00 9.972961666698894305e+02
3.387677669525146484e-01 5.839458598646221077e+00 9.972961666698894305e+02
3.667783737182617188e-01 1.434211336967632455e+01 9.972961666698894305e+02
3.986468315124511719e-01 2.514506365915473296e+01 9.972961666698894305e+02
4.352645874023437500e-01 3.755637663160011641e+01 9.972961666698894305e+02
4.714922904968261719e-01 5.182484201748471264e+01 9.972961666698894305e+02
5.029418468475341797e-01 6.831770656471638858e+01 9.972961666698894305e+02
5.365371704101562500e-01 8.592096360068242689e+01 9.972961666698894305e+02
5.698552131652832031e-01 1.046703476824071402e+02 9.972961666698894305e+02
6.032810211181640625e-01 1.247717550615032991e+02 9.972961666698894305e+02
6.364462375640869141e-01 1.461074784163399443e+02 9.972961666698894305e+02
6.703815460205078125e-01 1.680648325264189111e+02 9.972961666698894305e+02
7.067360877990722656e-01 1.914946598019734552e+02 9.972961666698894305e+02
7.386162281036376953e-01 2.150808219412679989e+02 9.972961666698894305e+02
7.727127075195312500e-01 2.396899229412120178e+02 9.972961666698894305e+02
8.060636520385742188e-01 2.647974011346420298e+02 9.972961666698894305e+02
8.394927978515625000e-01 2.910313284953571156e+02 9.972961666698894305e+02
8.726651668548583984e-01 3.169129150805518407e+02 9.972961666698894305e+02
9.060330390930175781e-01 3.433734363667479670e+02 9.972961666698894305e+02
9.390995502471923828e-01 3.698041644158870440e+02 9.972961666698894305e+02
9.731676578521728516e-01 3.962430266406320811e+02 9.972961666698894305e+02
1.006355047225952148e+00 4.224385153409926943e+02 9.972961666698894305e+02
1.040984153747558594e+00 4.481512453570987873e+02 9.972961666698894305e+02
1.070162057876586914e+00 4.731899782897924069e+02 9.972961666698894305e+02
1.103052139282226562e+00 4.980044960917554704e+02 9.972961666698894305e+02
1.136819601058959961e+00 5.213360933288798833e+02 9.972961666698894305e+02
1.169815540313720703e+00 5.433906556950198592e+02 9.972961666698894305e+02
1.202975034713745117e+00 5.642709092038137442e+02 9.972961666698894305e+02
1.239293336868286133e+00 5.839460800786116579e+02 9.972961666698894305e+02
1.272315502166748047e+00 6.024053595769603362e+02 9.972961666698894305e+02
1.304783105850219727e+00 6.204881564259268316e+02 9.972961666698894305e+02
1.342308998107910156e+00 6.381696273895039440e+02 9.972961666698894305e+02
1.365041971206665039e+00 6.555931767470372051e+02 9.972961666698894305e+02
1.398865461349487305e+00 6.722002751115755927e+02 9.972961666698894305e+02
1.430547475814819336e+00 6.883326148438911787e+02 9.972961666698894305e+02
1.471241235733032227e+00 7.036094832478435137e+02 9.972961666698894305e+02
1.505851030349731445e+00 7.181167148723935725e+02 9.972961666698894305e+02
1.539280891418457031e+00 7.316099239340773011e+02 9.972961666698894305e+02
1.572561264038085938e+00 7.445424199284236693e+02 9.972961666698894305e+02
1.605969190597534180e+00 7.572461356332474907e+02 9.972961666698894305e+02
1.640075683593750000e+00 7.694336435028676533e+02 9.972961666698894305e+02
1.669663906097412109e+00 7.816784655484610767e+02 9.972961666698894305e+02
1.705175399780273438e+00 7.938837946318458307e+02 9.972961666698894305e+02
1.738354444503784180e+00 8.060653704835912094e+02 9.972961666698894305e+02
1.772136926651000977e+00 8.181601483113635140e+02 9.972961666698894305e+02
1.805954217910766602e+00 8.301394170567266428e+02 9.972961666698894305e+02
1.838536739349365234e+00 8.419372783152267630e+02 9.972961666698894305e+02
1.871893882751464844e+00 8.533315396233911088e+02 9.972961666698894305e+02
1.905238866806030273e+00 8.645448094599402111e+02 9.972961666698894305e+02
1.938413381576538086e+00 8.753647973721772360e+02 9.972961666698894305e+02
1.972435712814331055e+00 8.857299557794635803e+02 9.972961666698894305e+02
2.004935979843139648e+00 8.956594683483056087e+02 9.972961666698894305e+02
2.038571357727050781e+00 9.048844652794455214e+02 9.972961666698894305e+02
2.072614669799804688e+00 9.135683826107604091e+02 9.972961666698894305e+02
2.105619430541992188e+00 9.217756224129278735e+02 9.972961666698894305e+02
2.139410018920898438e+00 9.292688269313327964e+02 9.972961666698894305e+02
2.172457695007324219e+00 9.361276956058057976e+02 9.972961666698894305e+02
2.202713251113891602e+00 9.423695539250202273e+02 9.972961666698894305e+02
2.238235712051391602e+00 9.477942778046343619e+02 9.972961666698894305e+02
2.271205663681030273e+00 9.525580352675176528e+02 9.972961666698894305e+02
2.304911613464355469e+00 9.566761491712277348e+02 9.972961666698894305e+02
2.342751026153564453e+00 9.601764077011069958e+02 9.972961666698894305e+02
2.364736795425415039e+00 9.631503536453350307e+02 9.972961666698894305e+02
2.399568796157836914e+00 9.655851276176759939e+02 9.972961666698894305e+02
2.432233810424804688e+00 9.673632824237047316e+02 9.972961666698894305e+02
2.467331409454345703e+00 9.685600484702724771e+02 9.972961666698894305e+02
2.504709005355834961e+00 9.693248846913949137e+02 9.972961666698894305e+02
2.539061784744262695e+00 9.696000267755107416e+02 9.972961666698894305e+02
2.572677612304687500e+00 9.696413309235862243e+02 9.972961666698894305e+02
2.606384992599487305e+00 9.692067351287988686e+02 9.972961666698894305e+02
2.639657258987426758e+00 9.686193247061634111e+02 9.972961666698894305e+02
2.672245264053344727e+00 9.675931326131309334e+02 9.972961666698894305e+02
2.705915689468383789e+00 9.663629083970914735e+02 9.972961666698894305e+02
2.737076759338378906e+00 9.649732276274426113e+02 9.972961666698894305e+02
2.769617319107055664e+00 9.634299674753432328e+02 9.972961666698894305e+02
2.803042411804199219e+00 9.616889529374005861e+02 9.972961666698894305e+02
2.839889049530029297e+00 9.597880103225392077e+02 9.972961666698894305e+02
2.873857975006103516e+00 9.580540247282239079e+02 9.972961666698894305e+02
2.906705856323242188e+00 9.561953069657479318e+02 9.972961666698894305e+02
2.940737962722778320e+00 9.543392039411957057e+02 9.972961666698894305e+02
2.970426797866821289e+00 9.526140142134790949e+02 9.972961666698894305e+02
3.004441738128662109e+00 9.508831058335332500e+02 9.972961666698894305e+02
3.038004636764526367e+00 9.493708545113297532e+02 9.972961666698894305e+02
3.070774316787719727e+00 9.478832520769253733e+02 9.972961666698894305e+02
3.098442077636718750e+00 9.466789854631072103e+02 9.972961666698894305e+02
3.133682250976562500e+00 9.454626650536821444e+02 9.972961666698894305e+02
3.165994882583618164e+00 9.443565296134479468e+02 9.972961666698894305e+02
3.199281215667724609e+00 9.433436525992477755e+02 9.972961666698894305e+02
3.235948085784912109e+00 9.424783731840859673e+02 9.972961666698894305e+02
3.274353265762329102e+00 9.417591152330378463e+02 9.972961666698894305e+02
3.307091712951660156e+00 9.411105672008511647e+02 9.972961666698894305e+02
3.341055870056152344e+00 9.406489497853773400e+02 9.972961666698894305e+02
3.364870071411132812e+00 9.401724414638389362e+02 9.972961666698894305e+02
3.398183584213256836e+00 9.401384811626301143e+02 9.972961666698894305e+02
3.431118011474609375e+00 9.398109792980723114e+02 9.972961666698894305e+02
3.469386577606201172e+00 9.398635105970394079e+02 9.972961666698894305e+02
3.505831956863403320e+00 9.400327545922647232e+02 9.972961666698894305e+02
3.539083003997802734e+00 9.400154338555948925e+02 9.972961666698894305e+02
3.566883802413940430e+00 9.402747826987856570e+02 9.972961666698894305e+02
3.599642038345336914e+00 9.404957419306375641e+02 9.972961666698894305e+02
3.637567043304443359e+00 9.409420985213585027e+02 9.972961666698894305e+02
3.672786474227905273e+00 9.415145774327235131e+02 9.972961666698894305e+02
3.706372261047363281e+00 9.419962505547410956e+02 9.972961666698894305e+02
3.735728502273559570e+00 9.423272867567380899e+02 9.972961666698894305e+02
3.770344495773315430e+00 9.430698521743788660e+02 9.972961666698894305e+02
3.807209968566894531e+00 9.435872308472486338e+02 9.972961666698894305e+02
3.840657234191894531e+00 9.441848014063742767e+02 9.972961666698894305e+02
3.873967409133911133e+00 9.446742786442040369e+02 9.972961666698894305e+02
3.907187938690185547e+00 9.451933801728497428e+02 9.972961666698894305e+02
3.937312602996826172e+00 9.457201073685553183e+02 9.972961666698894305e+02
3.970479726791381836e+00 9.464034344744965210e+02 9.972961666698894305e+02
4.004589319229125977e+00 9.468281311452850559e+02 9.972961666698894305e+02
4.037544012069702148e+00 9.474848828202924551e+02 9.972961666698894305e+02
4.072752475738525391e+00 9.480518954172830490e+02 9.972961666698894305e+02
4.106111288070678711e+00 9.485853543137743600e+02 9.972961666698894305e+02
4.140471696853637695e+00 9.490000457661348037e+02 9.972961666698894305e+02
4.165814876556396484e+00 9.494095275384840988e+02 9.972961666698894305e+02
4.198855161666870117e+00 9.496657703656966305e+02 9.972961666698894305e+02
4.235642910003662109e+00 9.500300037016237411e+02 9.972961666698894305e+02
4.274610996246337891e+00 9.503919387732547648e+02 9.972961666698894305e+02
4.307385444641113281e+00 9.505768926128398562e+02 9.972961666698894305e+02
4.341200113296508789e+00 9.507760942566771973e+02 9.972961666698894305e+02
4.364659547805786133e+00 9.511193705501898421e+02 9.972961666698894305e+02
4.398252725601196289e+00 9.513038775329687269e+02 9.972961666698894305e+02
4.431523323059082031e+00 9.513721210922643650e+02 9.972961666698894305e+02
4.472633361816406250e+00 9.516290590675357635e+02 9.972961666698894305e+02
4.507292032241821289e+00 9.517919432426641606e+02 9.972961666698894305e+02
4.540445566177368164e+00 9.519178952351637690e+02 9.972961666698894305e+02
4.573539495468139648e+00 9.520648835492575017e+02 9.972961666698894305e+02
4.604488611221313477e+00 9.522143013221575529e+02 9.972961666698894305e+02
4.634738683700561523e+00 9.523292273518758293e+02 9.972961666698894305e+02
4.671117305755615234e+00 9.525465018564708544e+02 9.972961666698894305e+02
4.706620693206787109e+00 9.524821046357469640e+02 9.972961666698894305e+02
4.734479427337646484e+00 9.526450951010599510e+02 9.972961666698894305e+02
4.767606496810913086e+00 9.525880327261161256e+02 9.972961666698894305e+02
4.806447267532348633e+00 9.526753950994133220e+02 9.972961666698894305e+02
4.841055631637573242e+00 9.527725365238702580e+02 9.972961666698894305e+02
4.873584508895874023e+00 9.527011745391999966e+02 9.972961666698894305e+02
4.906766891479492188e+00 9.526244947694743814e+02 9.972961666698894305e+02
4.940097093582153320e+00 9.525252716658582131e+02 9.972961666698894305e+02
4.973670482635498047e+00 9.523799488607388639e+02 9.972961666698894305e+02
5.007726192474365234e+00 9.522563592190176678e+02 9.972961666698894305e+02
5.040315151214599609e+00 9.520243160339400674e+02 9.972961666698894305e+02
5.070597648620605469e+00 9.519956212436059104e+02 9.972961666698894305e+02
5.104050874710083008e+00 9.517346267742850614e+02 9.972961666698894305e+02
5.137294054031372070e+00 9.514462344941422316e+02 9.972961666698894305e+02
5.172559976577758789e+00 9.513590356258285965e+02 9.972961666698894305e+02
5.203228950500488281e+00 9.511503684242081818e+02 9.972961666698894305e+02
5.236393451690673828e+00 9.511013783745611363e+02 9.972961666698894305e+02
5.271885633468627930e+00 9.509805096854755675e+02 9.972961666698894305e+02
5.305360317230224609e+00 9.508189893433068391e+02 9.972961666698894305e+02
5.338796615600585938e+00 9.507780666499174913e+02 9.972961666698894305e+02
5.364929676055908203e+00 9.506997495518158985e+02 9.972961666698894305e+02
5.398898839950561523e+00 9.506131125030848352e+02 9.972961666698894305e+02
5.431796073913574219e+00 9.506331351690168958e+02 9.972961666698894305e+02
5.472541332244873047e+00 9.506230330654058207e+02 9.972961666698894305e+02
5.505946397781372070e+00 9.506131484883004532e+02 9.972961666698894305e+02
5.539277315139770508e+00 9.507628228928159615e+02 9.972961666698894305e+02
5.572792291641235352e+00 9.510564019103297824e+02 9.972961666698894305e+02
5.606029987335205078e+00 9.513332452661622938e+02 9.972961666698894305e+02
5.639482021331787109e+00 9.514498240319061324e+02 9.972961666698894305e+02
5.672494888305664062e+00 9.518009006675167711e+02 9.972961666698894305e+02
5.706352472305297852e+00 9.521193875765113717e+02 9.972961666698894305e+02
5.739916324615478516e+00 9.523997888407279788e+02 9.972961666698894305e+02
5.773107767105102539e+00 9.526023990419392931e+02 9.972961666698894305e+02
5.806372165679931641e+00 9.527985582907907656e+02 9.972961666698894305e+02
5.839271545410156250e+00 9.529948233900447576e+02 9.972961666698894305e+02
5.873040914535522461e+00 9.533087183260061011e+02 9.972961666698894305e+02
5.906120777130126953e+00 9.534781831589701824e+02 9.972961666698894305e+02
5.939587354660034180e+00 9.538769386920640727e+02 9.972961666698894305e+02
5.972796201705932617e+00 9.540626380069227253e+02 9.972961666698894305e+02
6.006452322006225586e+00 9.542899793226786187e+02 9.972961666698894305e+02
6.039378166198730469e+00 9.545296308815176189e+02 9.972961666698894305e+02
6.072685956954956055e+00 9.548181061245445562e+02 9.972961666698894305e+02
6.106087446212768555e+00 9.551390696311710826e+02 9.972961666698894305e+02
6.139183998107910156e+00 9.555982361553016062e+02 9.972961666698894305e+02
6.172786951065063477e+00 9.560889285498478785e+02 9.972961666698894305e+02
6.198007583618164062e+00 9.565325792718449520e+02 9.972961666698894305e+02
6.231853246688842773e+00 9.568612441475682999e+02 9.972961666698894305e+02
6.266757726669311523e+00 9.574322249149088293e+02 9.972961666698894305e+02
6.307181358337402344e+00 9.579040510077517183e+02 9.972961666698894305e+02
6.341642141342163086e+00 9.583400524164331955e+02 9.972961666698894305e+02
6.365028381347656250e+00 9.590841128093283032e+02 9.972961666698894305e+02
6.398349285125732422e+00 9.595849105661528711e+02 9.972961666698894305e+02
6.431811094284057617e+00 9.601093957045499110e+02 9.972961666698894305e+02
6.463710546493530273e+00 9.606789905195132633e+02 9.972961666698894305e+02
6.504603147506713867e+00 9.611865358735150267e+02 9.972961666698894305e+02
6.539444923400878906e+00 9.616287974236743139e+02 9.972961666698894305e+02
6.572931051254272461e+00 9.621048842048654706e+02 9.972961666698894305e+02
6.607430219650268555e+00 9.624048057735415114e+02 9.972961666698894305e+02
6.640174865722656250e+00 9.628167966098042143e+02 9.972961666698894305e+02
6.673117160797119141e+00 9.631449944046197515e+02 9.972961666698894305e+02
6.706424713134765625e+00 9.632998324063923974e+02 9.972961666698894305e+02
6.734840154647827148e+00 9.635097453403654981e+02 9.972961666698894305e+02
6.769966840744018555e+00 9.637509699713764348e+02 9.972961666698894305e+02
6.806947231292724609e+00 9.637560866456346957e+02 9.972961666698894305e+02
6.840429306030273438e+00 9.638584776496975337e+02 9.972961666698894305e+02
6.870357990264892578e+00 9.639338117152186669e+02 9.972961666698894305e+02
6.904621601104736328e+00 9.637707025337230107e+02 9.972961666698894305e+02
6.937490701675415039e+00 9.637215110092839723e+02 9.972961666698894305e+02
6.972558736801147461e+00 9.636094938541756392e+02 9.972961666698894305e+02
7.006824731826782227e+00 9.636676346972377587e+02 9.972961666698894305e+02
7.039751529693603516e+00 9.637183745201948568e+02 9.972961666698894305e+02
7.072669744491577148e+00 9.637333982900892124e+02 9.972961666698894305e+02
7.106212139129638672e+00 9.637490708326488402e+02 9.972961666698894305e+02
7.136240720748901367e+00 9.638891165207982112e+02 9.972961666698894305e+02
7.170277595520019531e+00 9.640552015437975797e+02 9.972961666698894305e+02
7.203432559967041016e+00 9.642151620214995091e+02 9.972961666698894305e+02
7.236947298049926758e+00 9.643700319133796484e+02 9.972961666698894305e+02
7.272460937500000000e+00 9.646242523064692023e+02 9.972961666698894305e+02
7.305194377899169922e+00 9.649339764122039469e+02 9.972961666698894305e+02
7.338258981704711914e+00 9.650416388653017066e+02 9.972961666698894305e+02
7.364538192749023438e+00 9.652055563947732253e+02 9.972961666698894305e+02
7.398014545440673828e+00 9.654296697336834541e+02 9.972961666698894305e+02
7.431314468383789062e+00 9.654829081195158551e+02 9.972961666698894305e+02
7.469972133636474609e+00 9.657986420967307595e+02 9.972961666698894305e+02
7.505727291107177734e+00 9.660019759015464160e+02 9.972961666698894305e+02
7.540078878402709961e+00 9.660098566516331857e+02 9.972961666698894305e+02
7.566275835037231445e+00 9.661954609010532522e+02 9.972961666698894305e+02
7.599014759063720703e+00 9.663437045757991655e+02 9.972961666698894305e+02
7.633754491806030273e+00 9.667985477950475115e+02 9.972961666698894305e+02
7.674087524414062500e+00 9.670346431392712248e+02 9.972961666698894305e+02
7.706915140151977539e+00 9.672396360532069366e+02 9.972961666698894305e+02
7.733545064926147461e+00 9.675350024194692651e+02 9.972961666698894305e+02
7.766399621963500977e+00 9.679580542804587822e+02 9.972961666698894305e+02
7.803425788879394531e+00 9.683076110089511985e+02 9.972961666698894305e+02
7.837348461151123047e+00 9.687644840603991270e+02 9.972961666698894305e+02
7.873549222946166992e+00 9.691125189598145653e+02 9.972961666698894305e+02
7.906325340270996094e+00 9.695496655983912433e+02 9.972961666698894305e+02
7.939120531082153320e+00 9.698555207229538837e+02 9.972961666698894305e+02
7.972941637039184570e+00 9.701887535160676634e+02 9.972961666698894305e+02
8.006639957427978516e+00 9.704271998436280455e+02 9.972961666698894305e+02
8.039681673049926758e+00 9.706826252125124483e+02 9.972961666698894305e+02
8.073533535003662109e+00 9.709857718364867196e+02 9.972961666698894305e+02
8.107196092605590820e+00 9.713870905449518887e+02 9.972961666698894305e+02
8.140905618667602539e+00 9.717196578104752689e+02 9.972961666698894305e+02
8.173663854598999023e+00 9.721026090460405840e+02 9.972961666698894305e+02
8.205514669418334961e+00 9.723478959872492169e+02 9.972961666698894305e+02
8.237446308135986328e+00 9.726891075739131338e+02 9.972961666698894305e+02
8.270704746246337891e+00 9.729843414462575311e+02 9.972961666698894305e+02
8.304127931594848633e+00 9.732353801165422738e+02 9.972961666698894305e+02
8.337613344192504883e+00 9.734744226723922793e+02 9.972961666698894305e+02
8.364628791809082031e+00 9.737232757370412628e+02 9.972961666698894305e+02
8.397939682006835938e+00 9.740771887509281441e+02 9.972961666698894305e+02
8.431503534317016602e+00 9.743470679211897050e+02 9.972961666698894305e+02
8.472376585006713867e+00 9.745623859467401644e+02 9.972961666698894305e+02
8.505622625350952148e+00 9.748249148748776634e+02 9.972961666698894305e+02
8.539411783218383789e+00 9.751228850694188850e+02 9.972961666698894305e+02
8.572543382644653320e+00 9.753705346428653229e+02 9.972961666698894305e+02
8.606075763702392578e+00 9.754923126744387218e+02 9.972961666698894305e+02
8.639144182205200195e+00 9.757368278894064133e+02 9.972961666698894305e+02
8.672912597656250000e+00 9.759210449217076757e+02 9.972961666698894305e+02
8.705705404281616211e+00 9.760653319000301735e+02 9.972961666698894305e+02
8.739394903182983398e+00 9.760834189586831826e+02 9.972961666698894305e+02
8.772722959518432617e+00 9.760975275773546400e+02 9.972961666698894305e+02
8.805988311767578125e+00 9.761645346894795239e+02 9.972961666698894305e+02
8.839935541152954102e+00 9.761708825947424657e+02 9.972961666698894305e+02
8.873000860214233398e+00 9.762827211535562810e+02 9.972961666698894305e+02
8.905957698822021484e+00 9.763220096000529793e+02 9.972961666698894305e+02
8.939812660217285156e+00 9.762947163574057186e+02 9.972961666698894305e+02
8.972865104675292969e+00 9.763838365184035410e+02 9.972961666698894305e+02
9.006094694137573242e+00 9.764173252737036819e+02 9.972961666698894305e+02
9.039843320846557617e+00 9.764828934767238025e+02 9.972961666698894305e+02
9.072432756423950195e+00 9.764468568843961975e+02 9.972961666698894305e+02
9.106356859207153320e+00 9.764124612592281665e+02 9.972961666698894305e+02
9.139651298522949219e+00 9.763536690690223168e+02 9.972961666698894305e+02
9.172655105590820312e+00 9.763929091292754947e+02 9.972961666698894305e+02
9.201464653015136719e+00 9.764036758215496548e+02 9.972961666698894305e+02
9.235695838928222656e+00 9.764370280536430755e+02 9.972961666698894305e+02
9.273542404174804688e+00 9.763664250881593034e+02 9.972961666698894305e+02
9.307407379150390625e+00 9.763368326628628893e+02 9.972961666698894305e+02
9.340314388275146484e+00 9.764418274548867203e+02 9.972961666698894305e+02
9.370096206665039062e+00 9.764048955937546452e+02 9.972961666698894305e+02
9.397909879684448242e+00 9.765471119586844679e+02 9.972961666698894305e+02
9.431771755218505859e+00 9.766386124296642492e+02 9.972961666698894305e+02
9.464452505111694336e+00 9.767551688872430304e+02 9.972961666698894305e+02
9.505535840988159180e+00 9.767687052130571601e+02 9.972961666698894305e+02
9.539676904678344727e+00 9.769010055194189590e+02 9.972961666698894305e+02
9.573036909103393555e+00 9.769652409663494836e+02 9.972961666698894305e+02
9.603834629058837891e+00 9.771318612213588040e+02 9.972961666698894305e+02
9.636367321014404297e+00 9.771980699797624084e+02 9.972961666698894305e+02
9.671754598617553711e+00 9.774045106156261227e+02 9.972961666698894305e+02
9.705766677856445312e+00 9.775241977300654526e+02 9.972961666698894305e+02
9.734077215194702148e+00 9.777194821228463297e+02 9.972961666698894305e+02
9.764888286590576172e+00 9.779672121582823365e+02 9.972961666698894305e+02
9.798360109329223633e+00 9.781561268164118701e+02 9.972961666698894305e+02
9.831675052642822266e+00 9.783355427653539209e+02 9.972961666698894305e+02
9.865819454193115234e+00 9.784899403620867133e+02 9.972961666698894305e+02
9.907289743423461914e+00 9.787180481742798293e+02 9.972961666698894305e+02
9.941006183624267578e+00 9.791213201704450739e+02 9.972961666698894305e+02
9.974120378494262695e+00 9.792844204511507087e+02 9.972961666698894305e+02
1.000697183609008789e+01 9.796468392139498746e+02 9.972961666698894305e+02
1.003705525398254395e+01 9.798710330069571910e+02 9.972961666698894305e+02
1.007039785385131836e+01 9.802054811707067756e+02 9.972961666698894305e+02
1.010417199134826660e+01 9.805519839279819507e+02 9.972961666698894305e+02
1.013968181610107422e+01 9.807420120666272396e+02 9.972961666698894305e+02
1.017297124862670898e+01 9.810668459517074780e+02 9.972961666698894305e+02
1.020678019523620605e+01 9.813380583838228404e+02 9.972961666698894305e+02
1.023936367034912109e+01 9.815595747208253670e+02 9.972961666698894305e+02
1.027273058891296387e+01 9.817952009251351910e+02 9.972961666698894305e+02
1.030629110336303711e+01 9.819532801492042609e+02 9.972961666698894305e+02
1.033971166610717773e+01 9.823701517770833789e+02 9.972961666698894305e+02
1.036931633949279785e+01 9.825689111164557517e+02 9.972961666698894305e+02
1.039807295799255371e+01 9.827657421268323787e+02 9.972961666698894305e+02
1.043164157867431641e+01 9.830319688429657390e+02 9.972961666698894305e+02
1.046788454055786133e+01 9.832470569244535454e+02 9.972961666698894305e+02
1.050523161888122559e+01 9.833950122100899307e+02 9.972961666698894305e+02
1.054020118713378906e+01 9.836811758646028920e+02 9.972961666698894305e+02
1.057283616065979004e+01 9.839149220136172289e+02 9.972961666698894305e+02
1.060635972023010254e+01 9.840427338588302746e+02 9.972961666698894305e+02
1.064036726951599121e+01 9.842500543171894378e+02 9.972961666698894305e+02
1.067293787002563477e+01 9.844873378888863726e+02 9.972961666698894305e+02
1.070589470863342285e+01 9.845679550543347887e+02 9.972961666698894305e+02
1.073469138145446777e+01 9.846602557347998754e+02 9.972961666698894305e+02
1.077097153663635254e+01 9.847500113593604283e+02 9.972961666698894305e+02
1.080441403388977051e+01 9.848400617931986289e+02 9.972961666698894305e+02
1.083805775642395020e+01 9.848214618820436499e+02 9.972961666698894305e+02
1.087117624282836914e+01 9.848400987785958023e+02 9.972961666698894305e+02
1.090469813346862793e+01 9.848231240427053308e+02 9.972961666698894305e+02
1.093802022933959961e+01 9.847825477942132011e+02 9.972961666698894305e+02
1.097167682647705078e+01 9.846976113165882225e+02 9.972961666698894305e+02
1.100467920303344727e+01 9.847073028913333701e+02 9.972961666698894305e+02
1.103787374496459961e+01 9.846307598200711482e+02 9.972961666698894305e+02
1.107153654098510742e+01 9.845715493040180490e+02 9.972961666698894305e+02
1.110456514358520508e+01 9.844899138763770452e+02 9.972961666698894305e+02
1.113814043998718262e+01 9.843795558411932234e+02 9.972961666698894305e+02
1.117192816734313965e+01 9.842506536385243407e+02 9.972961666698894305e+02
1.120447802543640137e+01 9.841897232986203790e+02 9.972961666698894305e+02
1.123784470558166504e+01 9.841402192074239110e+02 9.972961666698894305e+02
1.127133941650390625e+01 9.838945786146750834e+02 9.972961666698894305e+02
1.130439615249633789e+01 9.838057702395266233e+02 9.972961666698894305e+02
1.133784198760986328e+01 9.836692302655756066e+02 9.972961666698894305e+02
1.136575794219970703e+01 9.836754843949117912e+02 9.972961666698894305e+02
1.139831948280334473e+01 9.834938951673078691e+02 9.972961666698894305e+02
1.143158054351806641e+01 9.834133228106167053e+02 9.972961666698894305e+02
1.146488618850708008e+01 9.831963793998521624e+02 9.972961666698894305e+02
1.149850535392761230e+01 9.831727019743209439e+02 9.972961666698894305e+02
1.153174161911010742e+01 9.831419116710097796e+02 9.972961666698894305e+02
1.156712341308593750e+01 9.831270048164017226e+02 9.972961666698894305e+02
1.160715723037719727e+01 9.830387060298677397e+02 9.972961666698894305e+02
1.164026069641113281e+01 9.829873864325970771e+02 9.972961666698894305e+02
1.167399001121520996e+01 9.829389789167917115e+02 9.972961666698894305e+02
1.170708250999450684e+01 9.829398517580501675e+02 9.972961666698894305e+02
1.173698091506958008e+01 9.828937782883535874e+02 9.972961666698894305e+02
1.177093648910522461e+01 9.829033515343842282e+02 9.972961666698894305e+02
1.180357766151428223e+01 9.828774242721822247e+02 9.972961666698894305e+02
1.183738017082214355e+01 9.829040842602371413e+02 9.972961666698894305e+02
1.187288713455200195e+01 9.828461692380703880e+02 9.972961666698894305e+02
1.190605783462524414e+01 9.828457715429390191e+02 9.972961666698894305e+02
1.193913149833679199e+01 9.827630062409662060e+02 9.972961666698894305e+02
1.197260904312133789e+01 9.827767304415043554e+02 9.972961666698894305e+02
1.200628280639648438e+01 9.827964719438763268e+02 9.972961666698894305e+02
1.203981637954711914e+01 9.828383466664573689e+02 9.972961666698894305e+02
1.207278585433959961e+01 9.829427251668529379e+02 9.972961666698894305e+02
1.210612130165100098e+01 9.830569976893713147e+02 9.972961666698894305e+02
1.213929986953735352e+01 9.830968811112186359e+02 9.972961666698894305e+02
1.217349195480346680e+01 9.831805234968361447e+02 9.972961666698894305e+02
1.219991207122802734e+01 9.833121187760323210e+02 9.972961666698894305e+02
1.223197317123413086e+01 9.833918136210056673e+02 9.972961666698894305e+02
1.226824450492858887e+01 9.834644388258351455e+02 9.972961666698894305e+02
1.230771970748901367e+01 9.835481326334236201e+02 9.972961666698894305e+02
1.234091019630432129e+01 9.835984792510610077e+02 9.972961666698894305e+02
1.237025380134582520e+01 9.836539822240845297e+02 9.972961666698894305e+02
1.239824414253234863e+01 9.837720456438787551e+02 9.972961666698894305e+02
1.243167567253112793e+01 9.837598829040597366e+02 9.972961666698894305e+02
1.246445846557617188e+01 9.838625698822305594e+02 9.972961666698894305e+02
1.250464820861816406e+01 9.839251599203156502e+02 9.972961666698894305e+02
1.253916525840759277e+01 9.840507042859297826e+02 9.972961666698894305e+02
1.257303619384765625e+01 9.841728299915982916e+02 9.972961666698894305e+02
1.260633397102355957e+01 9.843082299857635462e+02 9.972961666698894305e+02
1.263961672782897949e+01 9.844706441260572092e+02 9.972961666698894305e+02
1.267247819900512695e+01 9.846432008536676221e+02 9.972961666698894305e+02
1.270636653900146484e+01 9.848609528193434244e+02 9.972961666698894305e+02
1.273628020286560059e+01 9.850986493445712995e+02 9.972961666698894305e+02
1.277163171768188477e+01 9.853840737389313063e+02 9.972961666698894305e+02
1.280524134635925293e+01 9.857599355824517033e+02 9.972961666698894305e+02
1.283926820755004883e+01 9.858541140344830183e+02 9.972961666698894305e+02
1.287239122390747070e+01 9.861428616744702822e+02 9.972961666698894305e+02
1.290602970123291016e+01 9.864114422881531254e+02 9.972961666698894305e+02
1.293806242942810059e+01 9.866933449604294992e+02 9.972961666698894305e+02
1.297206449508666992e+01 9.869778629376116896e+02 9.972961666698894305e+02
1.300574541091918945e+01 9.871805947383966213e+02 9.972961666698894305e+02
1.303912711143493652e+01 9.873769589460243878e+02 9.972961666698894305e+02
1.307270288467407227e+01 9.876100063787419003e+02 9.972961666698894305e+02
1.309745430946350098e+01 9.877494233213227517e+02 9.972961666698894305e+02
1.313138890266418457e+01 9.879424644005229084e+02 9.972961666698894305e+02
1.316664934158325195e+01 9.879676442404698946e+02 9.972961666698894305e+02
1.319907641410827637e+01 9.880367288951933915e+02 9.972961666698894305e+02
1.323229885101318359e+01 9.881193736963758738e+02 9.972961666698894305e+02
1.326999998092651367e+01 9.881767135083822495e+02 9.972961666698894305e+02
1.329845905303955078e+01 9.882879797456214419e+02 9.972961666698894305e+02
1.333296108245849609e+01 9.883668374335629778e+02 9.972961666698894305e+02
1.337363219261169434e+01 9.883806005508024555e+02 9.972961666698894305e+02
1.339824295043945312e+01 9.883008113733862956e+02 9.972961666698894305e+02
1.343187665939331055e+01 9.882625627366844583e+02 9.972961666698894305e+02
1.346442842483520508e+01 9.881532516152033168e+02 9.972961666698894305e+02
1.350498867034912109e+01 9.880801393996545130e+02 9.972961666698894305e+02
1.353949213027954102e+01 9.879994663886581066e+02 9.972961666698894305e+02
1.357254219055175781e+01 9.879220387851554506e+02 9.972961666698894305e+02
1.360614013671875000e+01 9.877296857066597795e+02 9.972961666698894305e+02
1.364000177383422852e+01 9.876279019684991454e+02 9.972961666698894305e+02
1.367229294776916504e+01 9.874234174567330911e+02 9.972961666698894305e+02
1.370596814155578613e+01 9.872986396832037599e+02 9.972961666698894305e+02
1.373630833625793457e+01 9.872160729253004092e+02 9.972961666698894305e+02
1.376969289779663086e+01 9.871523891719198218e+02 9.972961666698894305e+02
1.380664873123168945e+01 9.870358181471750640e+02 9.972961666698894305e+02
1.384005284309387207e+01 9.868182730960062372e+02 9.972961666698894305e+02
1.387342500686645508e+01 9.866894940010553228e+02 9.972961666698894305e+02
1.390690779685974121e+01 9.865918794991399636e+02 9.972961666698894305e+02
1.394058346748352051e+01 9.864194961700894737e+02 9.972961666698894305e+02
1.397116899490356445e+01 9.863846146093864036e+02 9.972961666698894305e+02
1.400382041931152344e+01 9.861919916700425119e+02 9.972961666698894305e+02
1.403739547729492188e+01 9.860892455659491134e+02 9.972961666698894305e+02
1.407228755950927734e+01 9.860174036120880601e+02 9.972961666698894305e+02
1.410607886314392090e+01 9.859136829790546699e+02 9.972961666698894305e+02
1.413963818550109863e+01 9.858563816332930401e+02 9.972961666698894305e+02
1.417324876785278320e+01 9.857469021586026656e+02 9.972961666698894305e+02
1.419854903221130371e+01 9.856898124375252337e+02 9.972961666698894305e+02
1.423191571235656738e+01 9.857232606535952755e+02 9.972961666698894305e+02
1.426620244979858398e+01 9.856766394725093505e+02 9.972961666698894305e+02
1.430705833435058594e+01 9.857617730152949207e+02 9.972961666698894305e+02
1.434062504768371582e+01 9.858368077235871851e+02 9.972961666698894305e+02
1.437350511550903320e+01 9.858370370776976870e+02 9.972961666698894305e+02
1.439809942245483398e+01 9.859462718203343456e+02 9.972961666698894305e+02
1.443192458152770996e+01 9.860354312017097982e+02 9.972961666698894305e+02
1.446454691886901855e+01 9.861684909731278594e+02 9.972961666698894305e+02
1.450073599815368652e+01 9.862191662863502870e+02 9.972961666698894305e+02
1.453939938545227051e+01 9.863832562184319386e+02 9.972961666698894305e+02
1.457244014739990234e+01 9.865326714454630519e+02 9.972961666698894305e+02
1.460641932487487793e+01 9.868322639993670009e+02 9.972961666698894305e+02
1.463951182365417480e+01 9.871186634812220291e+02 9.972961666698894305e+02
1.467284870147705078e+01 9.873194889983233224e+02 9.972961666698894305e+02
1.470592999458312988e+01 9.875694926237505342e+02 9.972961666698894305e+02
1.473350405693054199e+01 9.880246374177648931e+02 9.972961666698894305e+02
1.476755857467651367e+01 9.882826625487352885e+02 9.972961666698894305e+02
1.480757951736450195e+01 9.887779937608179353e+02 9.972961666698894305e+02
1.484117269515991211e+01 9.891740703833747830e+02 9.972961666698894305e+02
1.487349557876586914e+01 9.895659135707452378e+02 9.972961666698894305e+02
1.490349984169006348e+01 9.899341818901312990e+02 9.972961666698894305e+02
1.493690156936645508e+01 9.903342874411358707e+02 9.972961666698894305e+02
1.497053194046020508e+01 9.908139809485971909e+02 9.972961666698894305e+02
1.500396561622619629e+01 9.913007539728581605e+02 9.972961666698894305e+02
1.503697276115417480e+01 9.917178772635356836e+02 9.972961666698894305e+02
1.507124638557434082e+01 9.921876648185768772e+02 9.972961666698894305e+02
1.510672354698181152e+01 9.926345647021014429e+02 9.972961666698894305e+02
1.513967704772949219e+01 9.931386177575926695e+02 9.972961666698894305e+02
1.517262434959411621e+01 9.935715439058399170e+02 9.972961666698894305e+02
1.520655870437622070e+01 9.940178620891456376e+02 9.972961666698894305e+02
1.523979663848876953e+01 9.944166952347576398e+02 9.972961666698894305e+02
1.527292466163635254e+01 9.946640121342612701e+02 9.972961666698894305e+02
1.530603909492492676e+01 9.950735375403307899e+02 9.972961666698894305e+02
1.534049630165100098e+01 9.953126156799119144e+02 9.972961666698894305e+02
1.537087535858154297e+01 9.954747921837850981e+02 9.972961666698894305e+02
1.539814257621765137e+01 9.956284300761273016e+02 9.972961666698894305e+02
1.543143343925476074e+01 9.957679542529848504e+02 9.972961666698894305e+02
1.546460819244384766e+01 9.958728694850724423e+02 9.972961666698894305e+02
1.550527501106262207e+01 9.960141262793536043e+02 9.972961666698894305e+02
1.553971815109252930e+01 9.960892829045376402e+02 9.972961666698894305e+02
1.557262754440307617e+01 9.961720301059434632e+02 9.972961666698894305e+02
1.560207748413085938e+01 9.963387169333858537e+02 9.972961666698894305e+02
1.563312029838562012e+01 9.963322445569222054e+02 9.972961666698894305e+02
1.567117285728454590e+01 9.963905856772050811e+02 9.972961666698894305e+02
1.570520019531250000e+01 9.963292223333955917e+02 9.972961666698894305e+02
1.573567509651184082e+01 9.964089158511105779e+02 9.972961666698894305e+02
1.576950669288635254e+01 9.962479044359477030e+02 9.972961666698894305e+02
1.580487847328186035e+01 9.962211472122751275e+02 9.972961666698894305e+02
1.583972358703613281e+01 9.960525550062025104e+02 9.972961666698894305e+02
1.587423157691955566e+01 9.959432624064579613e+02 9.972961666698894305e+02
1.590700411796569824e+01 9.958701157784927318e+02 9.972961666698894305e+02
1.594018030166625977e+01 9.957823070434031933e+02 9.972961666698894305e+02
1.597384166717529297e+01 9.956192849782065650e+02 9.972961666698894305e+02
1.600426506996154785e+01 9.953108059016393554e+02 9.972961666698894305e+02
1.603709626197814941e+01 9.950927679557566989e+02 9.972961666698894305e+02
1.607068204879760742e+01 9.948715308559953883e+02 9.972961666698894305e+02
1.610387921333312988e+01 9.946106145933048310e+02 9.972961666698894305e+02
1.613902974128723145e+01 9.943756368106778609e+02 9.972961666698894305e+02
1.617299509048461914e+01 9.942893119104340940e+02 9.972961666698894305e+02
1.620531749725341797e+01 9.940778690813186813e+02 9.972961666698894305e+02
1.623640871047973633e+01 9.939873529280964704e+02 9.972961666698894305e+02
1.627279257774353027e+01 9.939600848629514758e+02 9.972961666698894305e+02
1.630516958236694336e+01 9.937948882126352146e+02 9.972961666698894305e+02
1.633868336677551270e+01 9.936177453461090181e+02 9.972961666698894305e+02
1.637331533432006836e+01 9.934819318122376899e+02 9.972961666698894305e+02
1.639786243438720703e+01 9.935154474237735940e+02 9.972961666698894305e+02
1.643158769607543945e+01 9.934112923990508079e+02 9.972961666698894305e+02
1.646473765373229980e+01 9.933689920135672082e+02 9.972961666698894305e+02
1.650602912902832031e+01 9.935291640783112825e+02 9.972961666698894305e+02
1.653931760787963867e+01 9.937566971040758972e+02 9.972961666698894305e+02
1.657290172576904297e+01 9.937617408148303184e+02 9.972961666698894305e+02
1.660645794868469238e+01 9.939728255550180620e+02 9.972961666698894305e+02
1.663957571983337402e+01 9.940843726773332492e+02 9.972961666698894305e+02
1.667236280441284180e+01 9.942757691534719697e+02 9.972961666698894305e+02
1.670641851425170898e+01 9.944137797760113244e+02 9.972961666698894305e+02
1.673627877235412598e+01 9.946094060392846359e+02 9.972961666698894305e+02
1.676951575279235840e+01 9.946745792299466302e+02 9.972961666698894305e+02
1.680509400367736816e+01 9.947918208074162294e+02 9.972961666698894305e+02
1.683853220939636230e+01 9.949083597576968714e+02 9.972961666698894305e+02
1.687146806716918945e+01 9.950268025633090474e+02 9.972961666698894305e+02
1.690528202056884766e+01 9.951069266698252704e+02 9.972961666698894305e+02
1.693834018707275391e+01 9.950498516746522455e+02 9.972961666698894305e+02
1.697171998023986816e+01 9.950691412830469744e+02 9.972961666698894305e+02
1.700570583343505859e+01 9.950972896844746174e+02 9.972961666698894305e+02
1.703855109214782715e+01 9.950821904804079168e+02 9.972961666698894305e+02
1.707159709930419922e+01 9.950854565005289487e+02 9.972961666698894305e+02
1.710491704940795898e+01 9.950737910927684879e+02 9.972961666698894305e+02
1.713819456100463867e+01 9.949955605874821458e+02 9.972961666698894305e+02
1.717290425300598145e+01 9.949553609311244600e+02 9.972961666698894305e+02
1.720536565780639648e+01 9.949084988103442129e+02 9.972961666698894305e+02
1.723574423789978027e+01 9.947533554337838950e+02 9.972961666698894305e+02
1.727146601676940918e+01 9.947122672123822440e+02 9.972961666698894305e+02
1.730415797233581543e+01 9.946266531190900650e+02 9.972961666698894305e+02
1.733828663825988770e+01 9.945203204880326666e+02 9.972961666698894305e+02
1.737101888656616211e+01 9.944759674949839336e+02 9.972961666698894305e+02
1.739813303947448730e+01 9.943497925002234297e+02 9.972961666698894305e+02
1.743138074874877930e+01 9.942088806945267834e+02 9.972961666698894305e+02
1.746525740623474121e+01 9.941587437506478864e+02 9.972961666698894305e+02
1.750615668296813965e+01 9.940721005571984961e+02 9.972961666698894305e+02
1.753888845443725586e+01 9.939821260536170939e+02 9.972961666698894305e+02
1.757234287261962891e+01 9.939637865478118783e+02 9.972961666698894305e+02
1.760594105720520020e+01 9.939270069862866421e+02 9.972961666698894305e+02
1.764000582695007324e+01 9.938652168601319090e+02 9.972961666698894305e+02
1.767263388633728027e+01 9.938028649391585532e+02 9.972961666698894305e+02
1.770686769485473633e+01 9.939023196330288101e+02 9.972961666698894305e+02
1.773660635948181152e+01 9.937624466076362069e+02 9.972961666698894305e+02
1.777027225494384766e+01 9.936179408336067809e+02 9.972961666698894305e+02
1.780503296852111816e+01 9.935209915456914587e+02 9.972961666698894305e+02
1.783856177330017090e+01 9.933626832768619579e+02 9.972961666698894305e+02
1.787169623374938965e+01 9.932215360366974437e+02 9.972961666698894305e+02
1.790547442436218262e+01 9.930844591878594656e+02 9.972961666698894305e+02
1.793854498863220215e+01 9.929480454444255884e+02 9.972961666698894305e+02
1.797233796119689941e+01 9.927715832797225630e+02 9.972961666698894305e+02
1.800521063804626465e+01 9.926178847857405572e+02 9.972961666698894305e+02
1.803852486610412598e+01 9.923140770460988733e+02 9.972961666698894305e+02
1.807168936729431152e+01 9.920364442474916586e+02 9.972961666698894305e+02
1.810226750373840332e+01 9.920287498229245102e+02 9.972961666698894305e+02
1.813209986686706543e+01 9.918825125009293515e+02 9.972961666698894305e+02
1.816799092292785645e+01 9.916606808221280289e+02 9.972961666698894305e+02
1.820744752883911133e+01 9.914444386164371963e+02 9.972961666698894305e+02
1.823154830932617188e+01 9.912936725364618269e+02 9.972961666698894305e+02
1.826608061790466309e+01 9.911003132797583248e+02 9.972961666698894305e+02
1.830672144889831543e+01 9.909618564390464144e+02 9.972961666698894305e+02
1.834015178680419922e+01 9.907806196200931481e+02 9.972961666698894305e+02
1.837327933311462402e+01 9.906097158170235843e+02 9.972961666698894305e+02
1.840149879455566406e+01 9.904597046379649328e+02 9.972961666698894305e+02
1.843180298805236816e+01 9.902954193843099802e+02 9.972961666698894305e+02
1.846438717842102051e+01 9.901148893260240129e+02 9.972961666698894305e+02
1.850084471702575684e+01 9.900068924342498349e+02 9.972961666698894305e+02
1.853915452957153320e+01 9.899786777542639129e+02 9.972961666698894305e+02
1.857213497161865234e+01 9.898480067744424105e+02 9.972961666698894305e+02
1.860281229019165039e+01 9.898542299700105787e+02 9.972961666698894305e+02
1.863818764686584473e+01 9.898529612573730674e+02 9.972961666698894305e+02
1.866466927528381348e+01 9.899069876293059451e+02 9.972961666698894305e+02
1.869779157638549805e+01 9.897396113670106388e+02 9.972961666698894305e+02
1.873157978057861328e+01 9.898511870220314677e+02 9.972961666698894305e+02
1.876508831977844238e+01 9.899206671512228013e+02 9.972961666698894305e+02
1.879872751235961914e+01 9.899342869600084214e+02 9.972961666698894305e+02
1.883451843261718750e+01 9.900740606819673530e+02 9.972961666698894305e+02
1.887417459487915039e+01 9.899660650868645462e+02 9.972961666698894305e+02
1.890711522102355957e+01 9.900357385316929140e+02 9.972961666698894305e+02
1.894049835205078125e+01 9.900723316897552877e+02 9.972961666698894305e+02
1.897440862655639648e+01 9.901395848563204254e+02 9.972961666698894305e+02
1.900369858741760254e+01 9.901383843661885749e+02 9.972961666698894305e+02
1.903718352317810059e+01 9.902874627240004202e+02 9.972961666698894305e+02
1.907057881355285645e+01 9.903992412869765758e+02 9.972961666698894305e+02
1.910410523414611816e+01 9.904429457726884038e+02 9.972961666698894305e+02
1.913693141937255859e+01 9.906532396344346125e+02 9.972961666698894305e+02
1.917069125175476074e+01 9.909447483336367668e+02 9.972961666698894305e+02
1.920385789871215820e+01 9.911038166787079717e+02 9.972961666698894305e+02
1.923696708679199219e+01 9.913139001498501557e+02 9.972961666698894305e+02
1.927021193504333496e+01 9.914650238970490363e+02 9.972961666698894305e+02
1.930341482162475586e+01 9.914826434905700125e+02 9.972961666698894305e+02
1.933728170394897461e+01 9.917831211582699780e+02 9.972961666698894305e+02
1.937137961387634277e+01 9.919061983830755480e+02 9.972961666698894305e+02
1.939853453636169434e+01 9.919592232627484236e+02 9.972961666698894305e+02
1.943156147003173828e+01 9.921108972038362026e+02 9.972961666698894305e+02
1.946453261375427246e+01 9.921189068055994085e+02 9.972961666698894305e+02
1.950319743156433105e+01 9.921665915176474755e+02 9.972961666698894305e+02
1.953859400749206543e+01 9.921751676768418520e+02 9.972961666698894305e+02
1.957251024246215820e+01 9.920877305142440719e+02 9.972961666698894305e+02
1.960194301605224609e+01 9.920712046125382813e+02 9.972961666698894305e+02
1.963596439361572266e+01 9.919036644739583153e+02 9.972961666698894305e+02
1.967310214042663574e+01 9.918783240836065715e+02 9.972961666698894305e+02
1.970756888389587402e+01 9.917547256155278319e+02 9.972961666698894305e+02
1.973483848571777344e+01 9.917139759063106794e+02 9.972961666698894305e+02
1.976962399482727051e+01 9.916915732662041592e+02 9.972961666698894305e+02
1.980509662628173828e+01 9.915073637540886011e+02 9.972961666698894305e+02
1.983285546302795410e+01 9.913337099575262528e+02 9.972961666698894305e+02
1.986539244651794434e+01 9.911948084659902634e+02 9.972961666698894305e+02
1.990190362930297852e+01 9.910089134043531658e+02 9.972961666698894305e+02
1.994127535820007324e+01 9.908963662744021121e+02 9.972961666698894305e+02
1.997374129295349121e+01 9.907072024406363653e+02 9.972961666698894305e+02
2.000782418251037598e+01 9.905341152553455686e+02 9.972961666698894305e+02
2.004053926467895508e+01 9.904115787591427988e+02 9.972961666698894305e+02
2.007303690910339355e+01 9.903097505067478323e+02 9.972961666698894305e+02
2.010694789886474609e+01 9.902455144171287884e+02 9.972961666698894305e+02
2.014078927040100098e+01 9.900817054992653539e+02 9.972961666698894305e+02
2.017366123199462891e+01 9.900237746452362444e+02 9.972961666698894305e+02
2.020667219161987305e+01 9.899194049171513825e+02 9.972961666698894305e+02
2.023142933845520020e+01 9.899019809424094092e+02 9.972961666698894305e+02
2.026574158668518066e+01 9.898945440234786020e+02 9.972961666698894305e+02
2.030262684822082520e+01 9.900013599232878505e+02 9.972961666698894305e+02
2.033242011070251465e+01 9.900880010385428704e+02 9.972961666698894305e+02
2.037120819091796875e+01 9.901300387891951686e+02 9.972961666698894305e+02
2.039899492263793945e+01 9.902567805225802431e+02 9.972961666698894305e+02
2.043135213851928711e+01 9.903119598697272750e+02 9.972961666698894305e+02
2.046452903747558594e+01 9.903801157420642767e+02 9.972961666698894305e+02
2.050084543228149414e+01 9.904580324025597520e+02 9.972961666698894305e+02
2.053845429420471191e+01 9.904848644717725392e+02 9.972961666698894305e+02
2.057334923744201660e+01 9.904958582009528527e+02 9.972961666698894305e+02
2.060615348815917969e+01 9.904035799931829160e+02 9.972961666698894305e+02
2.063954615592956543e+01 9.903154770169801395e+02 9.972961666698894305e+02
2.067249989509582520e+01 9.902488840260434699e+02 9.972961666698894305e+02
2.070586204528808594e+01 9.900578069935741041e+02 9.972961666698894305e+02
2.073628520965576172e+01 9.898514578689753307e+02 9.972961666698894305e+02
2.076994895935058594e+01 9.896134199191984635e+02 9.972961666698894305e+02
2.080521655082702637e+01 9.895285425113740985e+02 9.972961666698894305e+02
2.083841490745544434e+01 9.893346250492786567e+02 9.972961666698894305e+02
2.087197089195251465e+01 9.890225630284209046e+02 9.972961666698894305e+02
2.090553021430969238e+01 9.886221353427969234e+02 9.972961666698894305e+02
2.093852210044860840e+01 9.881906648650239049e+02 9.972961666698894305e+02
2.096533989906311035e+01 9.876772327529115501e+02 9.972961666698894305e+02
2.099878692626953125e+01 9.871802978145941552e+02 9.972961666698894305e+02
2.103713512420654297e+01 9.866937944895331611e+02 9.972961666698894305e+02
2.107354021072387695e+01 9.862931640242443336e+02 9.972961666698894305e+02
2.110789489746093750e+01 9.858425689229245563e+02 9.972961666698894305e+02
2.114047527313232422e+01 9.854932033646332457e+02 9.972961666698894305e+02
2.117050123214721680e+01 9.848713308271107962e+02 9.972961666698894305e+02
2.120388913154602051e+01 9.844019319294872048e+02 9.972961666698894305e+02
2.123160004615783691e+01 9.838651928109412665e+02 9.972961666698894305e+02
2.126558184623718262e+01 9.831948058203213350e+02 9.972961666698894305e+02
2.130606389045715332e+01 9.827187928194808819e+02 9.972961666698894305e+02
2.134040307998657227e+01 9.821817415564952398e+02 9.972961666698894305e+02
2.137441349029541016e+01 9.817845718802715282e+02 9.972961666698894305e+02
2.140401744842529297e+01 9.811737447024326002e+02 9.972961666698894305e+02
2.143253993988037109e+01 9.807075113143314411e+02 9.972961666698894305e+02
2.146549081802368164e+01 9.803062126016619686e+02 9.972961666698894305e+02
2.150052809715270996e+01 9.797981018023369870e+02 9.972961666698894305e+02
2.153800225257873535e+01 9.794196214289826230e+02 9.972961666698894305e+02
2.156963109970092773e+01 9.790349276633681939e+02 9.972961666698894305e+02
2.160318064689636230e+01 9.786922799492555214e+02 9.972961666698894305e+02
2.164034128189086914e+01 9.786712001708907565e+02 9.972961666698894305e+02
2.167402410507202148e+01 9.782403003598057012e+02 9.972961666698894305e+02
2.170736765861511230e+01 9.779725473989292368e+02 9.972961666698894305e+02
2.174041867256164551e+01 9.779624943135141848e+02 9.972961666698894305e+02
2.177377295494079590e+01 9.777528494539512849e+02 9.972961666698894305e+02
2.180403661727905273e+01 9.776693545928491176e+02 9.972961666698894305e+02
2.183700489997863770e+01 9.776982538964147125e+02 9.972961666698894305e+02
2.187133789062500000e+01 9.776555887748306759e+02 9.972961666698894305e+02
2.190629482269287109e+01 9.776568447151107648e+02 9.972961666698894305e+02
2.193969368934631348e+01 9.776860245560319527e+02 9.972961666698894305e+02
2.197299408912658691e+01 9.776424766263703532e+02 9.972961666698894305e+02
2.200661373138427734e+01 9.777579594170352948e+02 9.972961666698894305e+02
2.203966617584228516e+01 9.777532882933504652e+02 9.972961666698894305e+02
2.206819367408752441e+01 9.778035250664070190e+02 9.972961666698894305e+02
2.210258626937866211e+01 9.779433335878832168e+02 9.972961666698894305e+02
2.214026379585266113e+01 9.780154951327449453e+02 9.972961666698894305e+02
2.217438960075378418e+01 9.780219103482169203e+02 9.972961666698894305e+02
2.220709228515625000e+01 9.780999287638155693e+02 9.972961666698894305e+02
2.223147487640380859e+01 9.781302320853355923e+02 9.972961666698894305e+02
2.226507854461669922e+01 9.782711694591287142e+02 9.972961666698894305e+02
2.230012774467468262e+01 9.785967309934187597e+02 9.972961666698894305e+02
2.234129810333251953e+01 9.785442457524127349e+02 9.972961666698894305e+02
2.237427186965942383e+01 9.789291611782902010e+02 9.972961666698894305e+02
2.240526676177978516e+01 9.788763427389409344e+02 9.972961666698894305e+02
2.243352246284484863e+01 9.790137866745202473e+02 9.972961666698894305e+02
2.246457839012145996e+01 9.792900575932306992e+02 9.972961666698894305e+02
2.250132369995117188e+01 9.796520474629745650e+02 9.972961666698894305e+02
2.253960204124450684e+01 9.798988000448009643e+02 9.972961666698894305e+02
2.256939506530761719e+01 9.802513724569643045e+02 9.972961666698894305e+02
2.260322403907775879e+01 9.806242599576492012e+02 9.972961666698894305e+02
2.263808679580688477e+01 9.811286533857376071e+02 9.972961666698894305e+02
2.267173123359680176e+01 9.815285480976609733e+02 9.972961666698894305e+02
2.270520663261413574e+01 9.819956330565513554e+02 9.972961666698894305e+02
2.273582172393798828e+01 9.825101170762214906e+02 9.972961666698894305e+02
2.277436566352844238e+01 9.829687081494408858e+02 9.972961666698894305e+02
2.280706334114074707e+01 9.834722262298296300e+02 9.972961666698894305e+02
2.284050941467285156e+01 9.838824904812181558e+02 9.972961666698894305e+02
2.287416625022888184e+01 9.844704890098068972e+02 9.972961666698894305e+02
2.290361618995666504e+01 9.850296743660977654e+02 9.972961666698894305e+02
2.293698239326477051e+01 9.854304766761408700e+02 9.972961666698894305e+02
2.297053623199462891e+01 9.859914953105236464e+02 9.972961666698894305e+02
2.300680613517761230e+01 9.865045694205426798e+02 9.972961666698894305e+02
2.303959560394287109e+01 9.869135055357359079e+02 9.972961666698894305e+02
2.307308697700500488e+01 9.873887681968202514e+02 9.972961666698894305e+02
2.310571479797363281e+01 9.878143286375565140e+02 9.972961666698894305e+02
2.313972020149230957e+01 9.882247868341820549e+02 9.972961666698894305e+02
2.317271375656127930e+01 9.887003632202078052e+02 9.972961666698894305e+02
2.320610570907592773e+01 9.891016196148970039e+02 9.972961666698894305e+02
2.323932957649230957e+01 9.896266471079726443e+02 9.972961666698894305e+02
2.326961302757263184e+01 9.900319764105266813e+02 9.972961666698894305e+02
2.330307054519653320e+01 9.906687087244459917e+02 9.972961666698894305e+02
2.333648514747619629e+01 9.908696269979827775e+02 9.972961666698894305e+02
2.337156200408935547e+01 9.910075800061734981e+02 9.972961666698894305e+02
2.340472817420959473e+01 9.913572877694633689e+02 9.972961666698894305e+02
2.343163299560546875e+01 9.916106942783784461e+02 9.972961666698894305e+02
2.346451067924499512e+01 9.918038527233948116e+02 9.972961666698894305e+02
2.350052547454833984e+01 9.920951293835953493e+02 9.972961666698894305e+02
2.353882551193237305e+01 9.923660799210382493e+02 9.972961666698894305e+02
2.357309055328369141e+01 9.926610362546491615e+02 9.972961666698894305e+02
2.360644865036010742e+01 9.928560617933696903e+02 9.972961666698894305e+02
2.363945484161376953e+01 9.930785735804789738e+02 9.972961666698894305e+02
2.367239642143249512e+01 9.933118239450186593e+02 9.972961666698894305e+02
2.370594859123229980e+01 9.935328120355113697e+02 9.972961666698894305e+02
2.373618245124816895e+01 9.937267684753994672e+02 9.972961666698894305e+02
2.376977157592773438e+01 9.939074769779651888e+02 9.972961666698894305e+02
2.380510139465332031e+01 9.940207424618731693e+02 9.972961666698894305e+02
2.383869481086730957e+01 9.941008393671686463e+02 9.972961666698894305e+02
2.387212872505187988e+01 9.941862651723386080e+02 9.972961666698894305e+02
2.390519475936889648e+01 9.942463777530177822e+02 9.972961666698894305e+02
2.393874883651733398e+01 9.943057687845966939e+02 9.972961666698894305e+02
2.397183561325073242e+01 9.942752616155113401e+02 9.972961666698894305e+02
2.400552654266357422e+01 9.942202204894045963e+02 9.972961666698894305e+02
2.403878617286682129e+01 9.942039047806124472e+02 9.972961666698894305e+02
2.407228136062622070e+01 9.943123589553209740e+02 9.972961666698894305e+02
2.410550212860107422e+01 9.941300381064137355e+02 9.972961666698894305e+02
2.413852286338806152e+01 9.941630995348363058e+02 9.972961666698894305e+02
2.417213344573974609e+01 9.941822776749284003e+02 9.972961666698894305e+02
2.420562386512756348e+01 9.942245368998898130e+02 9.972961666698894305e+02
2.423847007751464844e+01 9.943663895499860246e+02 9.972961666698894305e+02
2.426894235610961914e+01 9.944592133393401809e+02 9.972961666698894305e+02
2.430487632751464844e+01 9.946225960581845129e+02 9.972961666698894305e+02
2.433863306045532227e+01 9.947553531185338898e+02 9.972961666698894305e+02
2.437136793136596680e+01 9.949660415354579754e+02 9.972961666698894305e+02
2.440453767776489258e+01 9.949605411875581922e+02 9.972961666698894305e+02
2.443151235580444336e+01 9.951731593722905700e+02 9.972961666698894305e+02
2.446459054946899414e+01 9.953101508892214042e+02 9.972961666698894305e+02
2.450160217285156250e+01 9.956250032458069654e+02 9.972961666698894305e+02
2.453863263130187988e+01 9.956688143643742706e+02 9.972961666698894305e+02
2.457238841056823730e+01 9.957807540228235439e+02 9.972961666698894305e+02
2.460421395301818848e+01 9.958819503359867440e+02 9.972961666698894305e+02
2.463664960861206055e+01 9.959226532970254766e+02 9.972961666698894305e+02
2.466969537734985352e+01 9.960065191482489126e+02 9.972961666698894305e+02
2.470518326759338379e+01 9.960998910488829097e+02 9.972961666698894305e+02
2.473563146591186523e+01 9.960178244602395807e+02 9.972961666698894305e+02
2.477187776565551758e+01 9.961245375133462403e+02 9.972961666698894305e+02
2.480492472648620605e+01 9.961357688261434760e+02 9.972961666698894305e+02
2.483831381797790527e+01 9.960032354411720235e+02 9.972961666698894305e+02
2.487109446525573730e+01 9.960262409087421247e+02 9.972961666698894305e+02
2.490529727935791016e+01 9.958479186284087064e+02 9.972961666698894305e+02
2.493829441070556641e+01 9.957447184515382332e+02 9.972961666698894305e+02
2.497100782394409180e+01 9.956795880915636872e+02 9.972961666698894305e+02
2.500457167625427246e+01 9.954476806703987677e+02 9.972961666698894305e+02
2.503801274299621582e+01 9.954719410315908590e+02 9.972961666698894305e+02
2.507111406326293945e+01 9.953245198995533656e+02 9.972961666698894305e+02
2.510454177856445312e+01 9.952403954428996258e+02 9.972961666698894305e+02
2.513893795013427734e+01 9.950736168842652205e+02 9.972961666698894305e+02
2.517129325866699219e+01 9.951182259658384055e+02 9.972961666698894305e+02
2.520482301712036133e+01 9.950840873729870282e+02 9.972961666698894305e+02
2.523738956451416016e+01 9.950338825572933956e+02 9.972961666698894305e+02
2.526530528068542480e+01 9.949588862415233734e+02 9.972961666698894305e+02
2.530101466178894043e+01 9.947720189812308718e+02 9.972961666698894305e+02
2.534107327461242676e+01 9.946418445883147115e+02 9.972961666698894305e+02
2.537348723411560059e+01 9.945731392108355067e+02 9.972961666698894305e+02
2.541133689880371094e+01 9.944880933915701462e+02 9.972961666698894305e+02
2.543134975433349609e+01 9.943853615499440366e+02 9.972961666698894305e+02
2.546601819992065430e+01 9.944016206737302355e+02 9.972961666698894305e+02
2.549729013442993164e+01 9.943527334093821537e+02 9.972961666698894305e+02
2.553894758224487305e+01 9.944621162506506380e+02 9.972961666698894305e+02
2.557203078269958496e+01 9.945054439754644591e+02 9.972961666698894305e+02
2.560593008995056152e+01 9.945845662432041081e+02 9.972961666698894305e+02
2.564025378227233887e+01 9.946822060123931806e+02 9.972961666698894305e+02
2.567293977737426758e+01 9.948277658056370001e+02 9.972961666698894305e+02
2.570595812797546387e+01 9.949581659274125514e+02 9.972961666698894305e+02
2.573650407791137695e+01 9.951000263559021732e+02 9.972961666698894305e+02
2.577335953712463379e+01 9.951520450775336712e+02 9.972961666698894305e+02
2.580705547332763672e+01 9.952823442748619982e+02 9.972961666698894305e+02
2.584033823013305664e+01 9.954808051637457993e+02 9.972961666698894305e+02
2.587363100051879883e+01 9.956275408323307374e+02 9.972961666698894305e+02
2.590724682807922363e+01 9.958365796107797223e+02 9.972961666698894305e+02
2.594026899337768555e+01 9.959586083978838360e+02 9.972961666698894305e+02
2.597419142723083496e+01 9.961907360179143325e+02 9.972961666698894305e+02
2.600733137130737305e+01 9.963520166706954342e+02 9.972961666698894305e+02
2.604054903984069824e+01 9.963795157123490753e+02 9.972961666698894305e+02
2.607348632812500000e+01 9.964691549881761148e+02 9.972961666698894305e+02
2.610710740089416504e+01 9.964736643709874215e+02 9.972961666698894305e+02
2.614075136184692383e+01 9.964896727536180379e+02 9.972961666698894305e+02
2.617407488822937012e+01 9.965189995128399687e+02 9.972961666698894305e+02
2.620687294006347656e+01 9.966333905712211845e+02 9.972961666698894305e+02
2.624053430557250977e+01 9.967147702715358264e+02 9.972961666698894305e+02
2.627040982246398926e+01 9.967762492564438617e+02 9.972961666698894305e+02
2.630387663841247559e+01 9.968344205957954500e+02 9.972961666698894305e+02
2.633932685852050781e+01 9.969157761195758667e+02 9.972961666698894305e+02
2.637331914901733398e+01 9.970160653012231933e+02 9.972961666698894305e+02
2.640413451194763184e+01 9.970984294084162229e+02 9.972961666698894305e+02
2.643160963058471680e+01 9.971345630398881212e+02 9.972961666698894305e+02
2.646459913253784180e+01 9.971965179079414838e+02 9.972961666698894305e+02
2.649798297882080078e+01 9.973470222140683745e+02 9.972961666698894305e+02
2.653858590126037598e+01 9.973908504260224390e+02 9.972961666698894305e+02
2.657284307479858398e+01 9.975502610976064943e+02 9.972961666698894305e+02
2.660590672492980957e+01 9.977032486511025127e+02 9.972961666698894305e+02
2.663363003730773926e+01 9.978522169479407466e+02 9.972961666698894305e+02
2.666995549201965332e+01 9.979841220155492465e+02 9.972961666698894305e+02
2.670615482330322266e+01 9.983067683418559000e+02 9.972961666698894305e+02
2.673962664604187012e+01 9.985172736691050659e+02 9.972961666698894305e+02
2.677317762374877930e+01 9.986781037811739452e+02 9.972961666698894305e+02
2.680298662185668945e+01 9.988702571828873715e+02 9.972961666698894305e+02
2.683655285835266113e+01 9.990409751501022129e+02 9.972961666698894305e+02
2.687214088439941406e+01 9.991429548517412513e+02 9.972961666698894305e+02
2.690542387962341309e+01 9.992617645748157429e+02 9.972961666698894305e+02
2.693838262557983398e+01 9.993635279280256327e+02 9.972961666698894305e+02
2.697199416160583496e+01 9.994849582384106270e+02 9.972961666698894305e+02
2.700520539283752441e+01 9.995610803381374581e+02 9.972961666698894305e+02
2.703858804702758789e+01 9.995458035861096278e+02 9.972961666698894305e+02
2.707202816009521484e+01 9.995448015928820951e+02 9.972961666698894305e+02
2.710592818260192871e+01 9.995305951566454041e+02 9.972961666698894305e+02
2.713912367820739746e+01 9.994010424914378063e+02 9.972961666698894305e+02
2.717183446884155273e+01 9.993791223475778907e+02 9.972961666698894305e+02
2.720529127120971680e+01 9.993205245287915659e+02 9.972961666698894305e+02
2.723880982398986816e+01 9.991702834610920263e+02 9.972961666698894305e+02
2.727174162864685059e+01 9.989290135998624010e+02 9.972961666698894305e+02
2.730571007728576660e+01 9.987413337365819643e+02 9.972961666698894305e+02
2.733846592903137207e+01 9.986063848330728661e+02 9.972961666698894305e+02
2.737172842025756836e+01 9.983987309992401151e+02 9.972961666698894305e+02
2.740528392791748047e+01 9.981543977534355463e+02 9.972961666698894305e+02
2.743166017532348633e+01 9.979787272509015565e+02 9.972961666698894305e+02
2.746487522125244141e+01 9.977858379012973273e+02 9.972961666698894305e+02
2.749833393096923828e+01 9.975982057722401350e+02 9.972961666698894305e+02
2.753649854660034180e+01 9.974749528928446125e+02 9.972961666698894305e+02
2.757323336601257324e+01 9.973338663226193148e+02 9.972961666698894305e+02
2.760646533966064453e+01 9.972196667405420385e+02 9.972961666698894305e+02
2.763932514190673828e+01 9.971068518454371770e+02 9.972961666698894305e+02
2.767253851890563965e+01 9.969446825979700861e+02 9.972961666698894305e+02
2.770577073097229004e+01 9.968730898266978784e+02 9.972961666698894305e+02
2.773688197135925293e+01 9.968197391281513546e+02 9.972961666698894305e+02
2.777285051345825195e+01 9.967299966806930342e+02 9.972961666698894305e+02
2.780662679672241211e+01 9.965303568618043073e+02 9.972961666698894305e+02
2.784002637863159180e+01 9.964361746775996380e+02 9.972961666698894305e+02
2.787367296218872070e+01 9.962979831104921686e+02 9.972961666698894305e+02
2.790706801414489746e+01 9.961090670746067417e+02 9.972961666698894305e+02
2.794093751907348633e+01 9.959349456363278250e+02 9.972961666698894305e+02
2.797347259521484375e+01 9.958831846481713228e+02 9.972961666698894305e+02
2.800392389297485352e+01 9.956840505887694235e+02 9.972961666698894305e+02
2.803771328926086426e+01 9.954786350569266915e+02 9.972961666698894305e+02
2.807066917419433594e+01 9.954523176879395123e+02 9.972961666698894305e+02
2.810034584999084473e+01 9.952309596515556223e+02 9.972961666698894305e+02
2.814023041725158691e+01 9.951886347370354997e+02 9.972961666698894305e+02
2.817418217658996582e+01 9.951245975148873413e+02 9.972961666698894305e+02
2.820693612098693848e+01 9.951685670132259247e+02 9.972961666698894305e+02
2.824104785919189453e+01 9.951244893962701781e+02 9.972961666698894305e+02
2.826756405830383301e+01 9.952357408316435112e+02 9.972961666698894305e+02
2.829828453063964844e+01 9.952647622384203032e+02 9.972961666698894305e+02
2.833169865608215332e+01 9.953493139819372573e+02 9.972961666698894305e+02
2.836530327796936035e+01 9.954080433334992222e+02 9.972961666698894305e+02
2.840375781059265137e+01 9.954081580728361587e+02 9.972961666698894305e+02
2.843133091926574707e+01 9.953878619425613579e+02 9.972961666698894305e+02
2.846459031105041504e+01 9.954675803156663960e+02 9.972961666698894305e+02
2.849786520004272461e+01 9.954125475279802231e+02 9.972961666698894305e+02
2.853851151466369629e+01 9.954717475234878066e+02 9.972961666698894305e+02
2.857225465774536133e+01 9.955975232878249699e+02 9.972961666698894305e+02
2.860644531250000000e+01 9.956250812572279756e+02 9.972961666698894305e+02
2.863956046104431152e+01 9.956022346262221845e+02 9.972961666698894305e+02
2.867293977737426758e+01 9.956960479065419349e+02 9.972961666698894305e+02
2.870627403259277344e+01 9.957516071835478897e+02 9.972961666698894305e+02
2.873645710945129395e+01 9.959321057142510654e+02 9.972961666698894305e+02
2.876984333992004395e+01 9.959959627301523142e+02 9.972961666698894305e+02
2.880287671089172363e+01 9.960377308146304358e+02 9.972961666698894305e+02
2.883786654472351074e+01 9.961966835763855670e+02 9.972961666698894305e+02
2.887161946296691895e+01 9.963204468735377759e+02 9.972961666698894305e+02
2.890523815155029297e+01 9.965746757088954837e+02 9.972961666698894305e+02
2.893891644477844238e+01 9.966134167604010372e+02 9.972961666698894305e+02
2.897192168235778809e+01 9.968228212033741329e+02 9.972961666698894305e+02
2.900606751441955566e+01 9.970081292899706114e+02 9.972961666698894305e+02
2.903828072547912598e+01 9.969989627311255163e+02 9.972961666698894305e+02
2.907180333137512207e+01 9.971404874912733476e+02 9.972961666698894305e+02
2.910572123527526855e+01 9.972150773406307280e+02 9.972961666698894305e+02
2.913858890533447266e+01 9.973493022881275465e+02 9.972961666698894305e+02
2.917194581031799316e+01 9.973966179053129508e+02 9.972961666698894305e+02
2.920494556427001953e+01 9.974778786347540063e+02 9.972961666698894305e+02
2.923843693733215332e+01 9.975352882595974506e+02 9.972961666698894305e+02
2.927203917503356934e+01 9.976011471166049205e+02 9.972961666698894305e+02
2.930209946632385254e+01 9.975979838403688973e+02 9.972961666698894305e+02
2.934047007560729980e+01 9.975634725495982593e+02 9.972961666698894305e+02
2.937345027923583984e+01 9.975341124373134107e+02 9.972961666698894305e+02
2.940709328651428223e+01 9.974852588713575869e+02 9.972961666698894305e+02
2.943188667297363281e+01 9.974119001625091414e+02 9.972961666698894305e+02
2.946485543251037598e+01 9.972267155060400228e+02 9.972961666698894305e+02
2.949804568290710449e+01 9.970171704927079190e+02 9.972961666698894305e+02
2.953119611740112305e+01 9.968935094985763499e+02 9.972961666698894305e+02
2.956591176986694336e+01 9.967240068500099142e+02 9.972961666698894305e+02
2.959982037544250488e+01 9.964653001747835788e+02 9.972961666698894305e+02
2.963361167907714844e+01 9.962085853348974069e+02 9.972961666698894305e+02
2.967375826835632324e+01 9.959355506705118160e+02 9.972961666698894305e+02
2.970688390731811523e+01 9.955932889630254294e+02 9.972961666698894305e+02
2.973496246337890625e+01 9.952631720014245502e+02 9.972961666698894305e+02
2.977036380767822266e+01 9.948972366440048063e+02 9.972961666698894305e+02
2.980675172805786133e+01 9.944948648433469316e+02 9.972961666698894305e+02
2.983606791496276855e+01 9.941737044399936849e+02 9.972961666698894305e+02
2.986485123634338379e+01 9.938260429447087745e+02 9.972961666698894305e+02
2.989954614639282227e+01 9.935148488361861610e+02 9.972961666698894305e+02
2.993837404251098633e+01 9.932433996960169225e+02 9.972961666698894305e+02
2.997193741798400879e+01 9.927071170916350411e+02 9.972961666698894305e+02
3.000525021553039551e+01 9.924346869443537571e+02 1.972961666698894021e+02
3.003882956504821777e+01 9.921210878095736234e+02 1.972961666698894021e+02
3.007169485092163086e+01 9.912174109746615613e+02 1.972961666698894021e+02
3.010532021522521973e+01 9.881854644766580122e+02 1.972961666698894021e+02
3.013834190368652344e+01 9.813758800655200503e+02 1.972961666698894021e+02
3.017191839218139648e+01 9.704306823979103456e+02 1.972961666698894021e+02
3.020561337471008301e+01 9.545009647670441382e+02 1.972961666698894021e+02
3.023840236663818359e+01 9.338572267127537998e+02 1.972961666698894021e+02
3.027244544029235840e+01 9.073897239155377292e+02 1.972961666698894021e+02
3.030582022666931152e+01 8.762963834986533129e+02 1.972961666698894021e+02
3.033824706077575684e+01 8.401114230850622562e+02 1.972961666698894021e+02
3.037155079841613770e+01 8.000187289196053371e+02 1.972961666698894021e+02
3.040520191192626953e+01 7.561838714705928624e+02 1.972961666698894021e+02
3.043116331100463867e+01 7.095257709835353808e+02 1.972961666698894021e+02
3.046458530426025391e+01 6.609839706714864178e+02 1.972961666698894021e+02
3.049804759025573730e+01 6.115549495977898005e+02 1.972961666698894021e+02
3.053930044174194336e+01 5.625484238223591547e+02 1.972961666698894021e+02
3.057319235801696777e+01 5.142304730455067556e+02 1.972961666698894021e+02
3.060335731506347656e+01 4.667388076326824375e+02 1.972961666698894021e+02
3.063639926910400391e+01 4.208607828716596373e+02 1.972961666698894021e+02
3.067088794708251953e+01 3.761074446713761859e+02 1.972961666698894021e+02
3.070456147193908691e+01 3.328856945420592410e+02 1.972961666698894021e+02
3.073553776741027832e+01 2.913945184227813456e+02 1.972961666698894021e+02
3.076868510246276855e+01 2.510615556151882402e+02 1.972961666698894021e+02
3.080649304389953613e+01 2.126448521324030878e+02 1.972961666698894021e+02
3.083954715728759766e+01 1.753803361317885106e+02 1.972961666698894021e+02
3.087294292449951172e+01 1.396042276809870941e+02 1.972961666698894021e+02
3.090308976173400879e+01 1.049833797581015347e+02 1.972961666698894021e+02
3.093671441078186035e+01 7.146253194766251227e+01 1.972961666698894021e+02
3.097035503387451172e+01 3.880671565732719586e+01 1.972961666698894021e+02
3.100650668144226074e+01 7.632712648339261108e+00 1.972961666698894021e+02
3.103923654556274414e+01 -2.567554863910722407e+00 1.972961666698894021e+02
3.107175779342651367e+01 8.977408564917155331e+00 1.972961666698894021e+02
3.110544109344482422e+01 2.036980903542589516e+01 1.972961666698894021e+02
3.113870596885681152e+01 3.109324641730446714e+01 1.972961666698894021e+02
3.117184019088745117e+01 4.022841455150503975e+01 1.972961666698894021e+02
3.120514178276062012e+01 4.704202170272559158e+01 1.972961666698894021e+02
3.123840308189392090e+01 5.173687723357800650e+01 1.972961666698894021e+02
3.126463699340820312e+01 5.451883516744435809e+01 1.972961666698894021e+02
3.129905056953430176e+01 5.585766740636643135e+01 1.972961666698894021e+02
3.134025382995605469e+01 5.677467094229458411e+01 1.972961666698894021e+02
3.137339282035827637e+01 5.631478077300636897e+01 1.972961666698894021e+02
3.140613579750061035e+01 5.558244830532756708e+01 1.972961666698894021e+02
3.143203902244567871e+01 5.347516925007801802e+01 1.972961666698894021e+02
3.146467304229736328e+01 4.959718740515516089e+01 1.972961666698894021e+02
3.149755764007568359e+01 4.272823609937189104e+01 1.972961666698894021e+02
3.153419017791748047e+01 3.581986343705096942e+01 1.972961666698894021e+02
3.157131624221801758e+01 2.781314729223495519e+01 1.972961666698894021e+02
3.160548996925354004e+01 1.847272961302844863e+01 1.972961666698894021e+02
3.163834023475646973e+01 8.692855565958831576e+00 1.972961666698894021e+02
3.167285227775573730e+01 3.325033940781735975e+00 1.972961666698894021e+02
3.170623493194580078e+01 3.874313608477796933e+00 1.972961666698894021e+02
3.173596858978271484e+01 4.730010840676796668e+00 1.972961666698894021e+02
3.177184510231018066e+01 6.393278738304828401e+00 1.972961666698894021e+02
3.180490064620971680e+01 8.852256646654611316e+00 1.972961666698894021e+02
3.183763098716735840e+01 1.264231639877751689e+01 1.972961666698894021e+02
3.187089562416076660e+01 1.778514924954409793e+01 1.972961666698894021e+02
3.190450954437255859e+01 2.377138085307163706e+01 1.972961666698894021e+02
3.193758654594421387e+01 3.035192271166508959e+01 1.972961666698894021e+02
3.197151780128479004e+01 3.759368040732479699e+01 1.972961666698894021e+02
3.200441932678222656e+01 4.530353775033353259e+01 1.972961666698894021e+02
3.203871178627014160e+01 5.395582687465659433e+01 1.972961666698894021e+02
3.207128858566284180e+01 6.231436270822491963e+01 1.972961666698894021e+02
3.210491037368774414e+01 7.187389747640214921e+01 1.972961666698894021e+02
3.213891863822937012e+01 8.127232715625943626e+01 1.972961666698894021e+02
3.217176556587219238e+01 9.036261339309777441e+01 1.972961666698894021e+02
3.220528459548950195e+01 9.696134082939259713e+01 1.972961666698894021e+02
3.223885893821716309e+01 9.897806001075571203e+01 1.972961666698894021e+02
