9.766292572021484375e-02 1.146287224980090436e+01 1.011457358208343749e+03
1.260473728179931641e-01 1.148962416154364696e+01 1.011457358208343749e+03
1.570136547088623047e-01 1.145764039661655964e+01 1.011457358208343749e+03
1.902379989624023438e-01 1.194940872856761160e+01 1.011457358208343749e+03
2.269694805145263672e-01 1.181327570372745939e+01 1.011457358208343749e+03
2.640979290008544922e-01 1.190447231988370902e+01 1.011457358208343749e+03
2.979164123535156250e-01 1.307705812584118554e+01 1.011457358208343749e+03
3.281412124633789062e-01 1.602809454092105312e+01 1.011457358208343749e+03
3.618314266204833984e-01 2.061332455594432389e+01 1.011457358208343749e+03
3.998134136199951172e-01 2.661751317915139836e+01 1.011457358208343749e+03
4.320852756500244141e-01 3.378499265108478511e+01 1.011457358208343749e+03
4.668958187103271484e-01 4.228661090422982483e+01 1.011457358208343749e+03
4.955768585205078125e-01 5.130891265651760591e+01 1.011457358208343749e+03
5.289788246154785156e-01 6.162680438203591393e+01 1.011457358208343749e+03
5.626525878906250000e-01 7.267050750019387806e+01 1.011457358208343749e+03
5.960011482238769531e-01 8.440250519391801731e+01 1.011457358208343749e+03
6.292731761932373047e-01 9.691573483907870923e+01 1.011457358208343749e+03
6.622021198272705078e-01 1.105792697383975991e+02 1.011457358208343749e+03
6.964416503906250000e-01 1.246641973962298238e+02 1.011457358208343749e+03
7.294626235961914062e-01 1.394184262866174606e+02 1.011457358208343749e+03
7.626259326934814453e-01 1.546502373398769237e+02 1.011457358208343749e+03
7.957942485809326172e-01 1.704385672496984796e+02 1.011457358208343749e+03
8.294694423675537109e-01 1.866200586837650235e+02 1.011457358208343749e+03
8.624374866485595703e-01 2.032450568173793783e+02 1.011457358208343749e+03
8.960266113281250000e-01 2.197794038908670302e+02 1.011457358208343749e+03
9.291610717773437500e-01 2.368040765708150843e+02 1.011457358208343749e+03
9.569525718688964844e-01 2.541212588994116288e+02 1.011457358208343749e+03
9.916532039642333984e-01 2.711279410182136758e+02 1.011457358208343749e+03
1.027917861938476562e+00 2.882170939825670644e+02 1.011457358208343749e+03
1.066921472549438477e+00 3.047480593871380847e+02 1.011457358208343749e+03
1.099871158599853516e+00 3.205977716058971509e+02 1.011457358208343749e+03
1.129702568054199219e+00 3.364121311811659893e+02 1.011457358208343749e+03
1.158225297927856445e+00 3.518016282762299625e+02 1.011457358208343749e+03
1.190256834030151367e+00 3.669802443952913791e+02 1.011457358208343749e+03
1.223647832870483398e+00 3.817625178693367616e+02 1.011457358208343749e+03
1.259699106216430664e+00 3.959869633289199555e+02 1.011457358208343749e+03
1.297534227371215820e+00 4.096137152629380012e+02 1.011457358208343749e+03
1.323718309402465820e+00 4.228932165966801335e+02 1.011457358208343749e+03
1.357678174972534180e+00 4.362293651256351836e+02 1.011457358208343749e+03
1.390871286392211914e+00 4.496336050413967769e+02 1.011457358208343749e+03
1.425442457199096680e+00 4.627984394168591393e+02 1.011457358208343749e+03
1.466216564178466797e+00 4.759889695454913863e+02 1.011457358208343749e+03
1.499502658843994141e+00 4.892981243843451580e+02 1.011457358208343749e+03
1.532868623733520508e+00 5.028473884008741948e+02 1.011457358208343749e+03
1.566119194030761719e+00 5.167574356587747388e+02 1.011457358208343749e+03
1.599306821823120117e+00 5.308072437556219256e+02 1.011457358208343749e+03
1.633143424987792969e+00 5.449537067670428314e+02 1.011457358208343749e+03
1.662628650665283203e+00 5.590022981600488947e+02 1.011457358208343749e+03
1.696540355682373047e+00 5.725782335520069637e+02 1.011457358208343749e+03
1.729378700256347656e+00 5.858788754058293762e+02 1.011457358208343749e+03
1.764876365661621094e+00 5.985318715175541229e+02 1.011457358208343749e+03
1.798338174819946289e+00 6.107363998671562513e+02 1.011457358208343749e+03
1.832005023956298828e+00 6.223971526746122436e+02 1.011457358208343749e+03
1.864919185638427734e+00 6.336000721120158232e+02 1.011457358208343749e+03
1.898191690444946289e+00 6.445260151740570791e+02 1.011457358208343749e+03
1.931463003158569336e+00 6.551422159682883830e+02 1.011457358208343749e+03
1.960359334945678711e+00 6.653040178899333341e+02 1.011457358208343749e+03
1.990988731384277344e+00 6.753708387629094432e+02 1.011457358208343749e+03
2.026008605957031250e+00 6.852388708452554056e+02 1.011457358208343749e+03
2.065765619277954102e+00 6.948229330923152247e+02 1.011457358208343749e+03
2.098880052566528320e+00 7.042698781072475640e+02 1.011457358208343749e+03
2.132988214492797852e+00 7.139497636910909932e+02 1.011457358208343749e+03
2.157147884368896484e+00 7.236161955408208541e+02 1.011457358208343749e+03
2.190368890762329102e+00 7.337155143764744025e+02 1.011457358208343749e+03
2.223856210708618164e+00 7.439252497765614862e+02 1.011457358208343749e+03
2.264674186706542969e+00 7.538851265063473193e+02 1.011457358208343749e+03
2.298632860183715820e+00 7.637425307533300156e+02 1.011457358208343749e+03
2.331920146942138672e+00 7.733198889510608751e+02 1.011457358208343749e+03
2.358713626861572266e+00 7.826500363335723023e+02 1.011457358208343749e+03
2.391546964645385742e+00 7.917412367873439507e+02 1.011457358208343749e+03
2.427058219909667969e+00 8.006724738988315266e+02 1.011457358208343749e+03
2.466200590133666992e+00 8.089490429012121240e+02 1.011457358208343749e+03
2.499113321304321289e+00 8.169412815203404534e+02 1.011457358208343749e+03
2.532290458679199219e+00 8.243784597441642745e+02 1.011457358208343749e+03
2.562862873077392578e+00 8.315704918216721353e+02 1.011457358208343749e+03
2.596020460128784180e+00 8.384194719117075465e+02 1.011457358208343749e+03
2.629408836364746094e+00 8.449189884000581969e+02 1.011457358208343749e+03
2.662929773330688477e+00 8.509855274876840667e+02 1.011457358208343749e+03
2.696076154708862305e+00 8.567239857145272026e+02 1.011457358208343749e+03
2.729968309402465820e+00 8.623057970235619223e+02 1.011457358208343749e+03
2.765325307846069336e+00 8.677892484690415813e+02 1.011457358208343749e+03
2.798825979232788086e+00 8.732018802132822657e+02 1.011457358208343749e+03
2.832083702087402344e+00 8.787135252913267323e+02 1.011457358208343749e+03
2.865265607833862305e+00 8.844481107729077394e+02 1.011457358208343749e+03
2.898206710815429688e+00 8.901550779149498567e+02 1.011457358208343749e+03
2.932566165924072266e+00 8.957794021219560818e+02 1.011457358208343749e+03
2.965200185775756836e+00 9.013663390500042851e+02 1.011457358208343749e+03
2.990484476089477539e+00 9.067822670815695574e+02 1.011457358208343749e+03
3.024729967117309570e+00 9.120934574694723551e+02 1.011457358208343749e+03
3.061153650283813477e+00 9.170119604910553335e+02 1.011457358208343749e+03
3.100320339202880859e+00 9.217107831887801694e+02 1.011457358208343749e+03
3.132767438888549805e+00 9.259725853353248795e+02 1.011457358208343749e+03
3.157042741775512695e+00 9.301445278426392633e+02 1.011457358208343749e+03
3.190370321273803711e+00 9.343329439059177730e+02 1.011457358208343749e+03
3.223654508590698242e+00 9.383492814441494829e+02 1.011457358208343749e+03
3.263736248016357422e+00 9.422849876322575255e+02 1.011457358208343749e+03
3.298300027847290039e+00 9.461839988609658576e+02 1.011457358208343749e+03
3.331646919250488281e+00 9.499940513357859118e+02 1.011457358208343749e+03
3.365705013275146484e+00 9.540309749472702379e+02 1.011457358208343749e+03
3.398012161254882812e+00 9.583328966335359382e+02 1.011457358208343749e+03
3.431632280349731445e+00 9.627631090108737908e+02 1.011457358208343749e+03
3.465017795562744141e+00 9.673963571973531543e+02 1.011457358208343749e+03
3.498169898986816406e+00 9.719697026573311405e+02 1.011457358208343749e+03
3.528829336166381836e+00 9.764807490969751598e+02 1.011457358208343749e+03
3.562389612197875977e+00 9.808091397841764092e+02 1.011457358208343749e+03
3.597127199172973633e+00 9.849307462572234044e+02 1.011457358208343749e+03
3.630847930908203125e+00 9.887427425178615294e+02 1.011457358208343749e+03
3.663882493972778320e+00 9.921952485969973168e+02 1.011457358208343749e+03
3.697490215301513672e+00 9.954271844645326155e+02 1.011457358208343749e+03
3.730674266815185547e+00 9.985209839752799326e+02 1.011457358208343749e+03
3.765192270278930664e+00 1.001411075296395666e+03 1.011457358208343749e+03
3.797491550445556641e+00 1.004245847689150423e+03 1.011457358208343749e+03
3.831527233123779297e+00 1.007284094459195785e+03 1.011457358208343749e+03
3.864144325256347656e+00 1.010368932511490698e+03 1.011457358208343749e+03
3.897536277770996094e+00 1.013582718534762648e+03 1.011457358208343749e+03
3.930630683898925781e+00 1.016911963297437410e+03 1.011457358208343749e+03
3.964354991912841797e+00 1.020313135083354609e+03 1.011457358208343749e+03
3.997491121292114258e+00 1.023456297964186319e+03 1.011457358208343749e+03
4.030995845794677734e+00 1.026682153736750479e+03 1.011457358208343749e+03
4.065537691116333008e+00 1.029604284959694496e+03 1.011457358208343749e+03
4.097553014755249023e+00 1.032383649421689825e+03 1.011457358208343749e+03
4.131156682968139648e+00 1.034897673699415691e+03 1.011457358208343749e+03
4.156999349594116211e+00 1.037141839221186274e+03 1.011457358208343749e+03
4.191314697265625000e+00 1.039132467676271062e+03 1.011457358208343749e+03
4.223623991012573242e+00 1.040944355814239543e+03 1.011457358208343749e+03
4.265979766845703125e+00 1.042536303356422650e+03 1.011457358208343749e+03
4.298942327499389648e+00 1.043953260262629783e+03 1.011457358208343749e+03
4.331660270690917969e+00 1.045558647182184814e+03 1.011457358208343749e+03
4.365098237991333008e+00 1.047041564212140202e+03 1.011457358208343749e+03
4.398584365844726562e+00 1.048773207057688978e+03 1.011457358208343749e+03
4.431706905364990234e+00 1.050547808762459226e+03 1.011457358208343749e+03
4.465348243713378906e+00 1.052399453814178059e+03 1.011457358208343749e+03
4.498568058013916016e+00 1.054360913190198971e+03 1.011457358208343749e+03
4.531510829925537109e+00 1.056356874009921967e+03 1.011457358208343749e+03
4.564905166625976562e+00 1.058304852356785432e+03 1.011457358208343749e+03
4.598257780075073242e+00 1.060123023668111955e+03 1.011457358208343749e+03
4.632238149642944336e+00 1.061711584089405733e+03 1.011457358208343749e+03
4.665323495864868164e+00 1.063069328753319496e+03 1.011457358208343749e+03
4.699495315551757812e+00 1.064242813535413688e+03 1.011457358208343749e+03
4.731688499450683594e+00 1.065277565527513616e+03 1.011457358208343749e+03
4.761834383010864258e+00 1.066123362599998472e+03 1.011457358208343749e+03
4.795264244079589844e+00 1.067085409618350013e+03 1.011457358208343749e+03
4.828978538513183594e+00 1.067886053146388349e+03 1.011457358208343749e+03
4.865480422973632812e+00 1.068791511858766626e+03 1.011457358208343749e+03
4.899038553237915039e+00 1.069949248740199891e+03 1.011457358208343749e+03
4.932696342468261719e+00 1.070994933800015815e+03 1.011457358208343749e+03
4.961700916290283203e+00 1.072096663638377777e+03 1.011457358208343749e+03
4.990640401840209961e+00 1.073557701671682025e+03 1.011457358208343749e+03
5.025460004806518555e+00 1.074903178805046991e+03 1.011457358208343749e+03
5.066248178482055664e+00 1.076328412356768467e+03 1.011457358208343749e+03
5.099008560180664062e+00 1.077430109287159894e+03 1.011457358208343749e+03
5.132543802261352539e+00 1.078698963801313766e+03 1.011457358208343749e+03
5.157111883163452148e+00 1.079694033229567140e+03 1.011457358208343749e+03
5.189978122711181641e+00 1.080897767792109335e+03 1.011457358208343749e+03
5.223368167877197266e+00 1.081805839166759370e+03 1.011457358208343749e+03
5.261633634567260742e+00 1.082633456064500479e+03 1.011457358208343749e+03
5.298142194747924805e+00 1.083437664845345580e+03 1.011457358208343749e+03
5.331952810287475586e+00 1.084235212366485257e+03 1.011457358208343749e+03
5.362233877182006836e+00 1.085014029461279506e+03 1.011457358208343749e+03
5.395437955856323242e+00 1.085819776640874807e+03 1.011457358208343749e+03
5.430918216705322266e+00 1.086522627483281212e+03 1.011457358208343749e+03
5.464509963989257812e+00 1.087571039758520328e+03 1.011457358208343749e+03
5.498362779617309570e+00 1.088421983967740744e+03 1.011457358208343749e+03
5.530601978302001953e+00 1.089466410878080296e+03 1.011457358208343749e+03
5.564197778701782227e+00 1.090301552636319457e+03 1.011457358208343749e+03
5.597425699234008789e+00 1.090962198478050823e+03 1.011457358208343749e+03
5.631427049636840820e+00 1.092154134952943650e+03 1.011457358208343749e+03
5.664176702499389648e+00 1.093082913357539383e+03 1.011457358208343749e+03
5.697443723678588867e+00 1.093727869700948531e+03 1.011457358208343749e+03
5.731995582580566406e+00 1.094583999240979438e+03 1.011457358208343749e+03
5.763766765594482422e+00 1.095338168673946257e+03 1.011457358208343749e+03
5.798110961914062500e+00 1.095874611891847280e+03 1.011457358208343749e+03
5.830943584442138672e+00 1.096374992447682871e+03 1.011457358208343749e+03
5.864678382873535156e+00 1.096842650897254771e+03 1.011457358208343749e+03
5.897502660751342773e+00 1.097475701822557312e+03 1.011457358208343749e+03
5.930774927139282227e+00 1.097906478400047945e+03 1.011457358208343749e+03
5.962716579437255859e+00 1.098708130939887724e+03 1.011457358208343749e+03
5.990638494491577148e+00 1.099251832627456224e+03 1.011457358208343749e+03
6.025200128555297852e+00 1.100047071985850607e+03 1.011457358208343749e+03
6.066160202026367188e+00 1.100739702077187303e+03 1.011457358208343749e+03
6.099095582962036133e+00 1.101280439298182955e+03 1.011457358208343749e+03
6.132879734039306641e+00 1.101991308078104112e+03 1.011457358208343749e+03
6.156847238540649414e+00 1.102599566797963917e+03 1.011457358208343749e+03
6.190347671508789062e+00 1.103084678506796763e+03 1.011457358208343749e+03
6.224105834960937500e+00 1.103413780880935747e+03 1.011457358208343749e+03
6.264232873916625977e+00 1.103838730607947582e+03 1.011457358208343749e+03
6.297909259796142578e+00 1.103817526267017001e+03 1.011457358208343749e+03
6.323278188705444336e+00 1.104050960464273203e+03 1.011457358208343749e+03
6.357359886169433594e+00 1.104280409028328677e+03 1.011457358208343749e+03
6.393249273300170898e+00 1.104318721049321312e+03 1.011457358208343749e+03
6.432355165481567383e+00 1.104541719078103142e+03 1.011457358208343749e+03
6.466202259063720703e+00 1.104517089621286232e+03 1.011457358208343749e+03
6.498942375183105469e+00 1.104707396870469211e+03 1.011457358208343749e+03
6.532362937927246094e+00 1.104864237527938258e+03 1.011457358208343749e+03
6.561752080917358398e+00 1.105113882018862114e+03 1.011457358208343749e+03
6.595143556594848633e+00 1.105276822849668179e+03 1.011457358208343749e+03
6.632213830947875977e+00 1.105313500183448696e+03 1.011457358208343749e+03
6.666227102279663086e+00 1.105277603682480731e+03 1.011457358208343749e+03
6.699335336685180664e+00 1.105322719007036540e+03 1.011457358208343749e+03
6.733709335327148438e+00 1.105286187199824553e+03 1.011457358208343749e+03
6.765589237213134766e+00 1.105167777276133620e+03 1.011457358208343749e+03
6.799891710281372070e+00 1.105226730415576185e+03 1.011457358208343749e+03
6.832670450210571289e+00 1.104956762206757276e+03 1.011457358208343749e+03
6.862670660018920898e+00 1.104879746555834572e+03 1.011457358208343749e+03
6.896729707717895508e+00 1.105130299598024749e+03 1.011457358208343749e+03
6.929126739501953125e+00 1.105148134624756267e+03 1.011457358208343749e+03
6.963284969329833984e+00 1.105156280782119893e+03 1.011457358208343749e+03
6.995853662490844727e+00 1.105071507775058990e+03 1.011457358208343749e+03
7.029565334320068359e+00 1.105373570471985431e+03 1.011457358208343749e+03
7.062853813171386719e+00 1.105357626540977435e+03 1.011457358208343749e+03
7.096336364746093750e+00 1.105735523022199231e+03 1.011457358208343749e+03
7.129636526107788086e+00 1.105757706532004704e+03 1.011457358208343749e+03
7.157041311264038086e+00 1.105705893137703242e+03 1.011457358208343749e+03
7.190371274948120117e+00 1.105698171558639842e+03 1.011457358208343749e+03
7.223727941513061523e+00 1.105720714894880985e+03 1.011457358208343749e+03
7.264602184295654297e+00 1.105618730801412539e+03 1.011457358208343749e+03
7.297945499420166016e+00 1.105297417835254009e+03 1.011457358208343749e+03
7.331737756729125977e+00 1.105154800242004740e+03 1.011457358208343749e+03
7.365308761596679688e+00 1.104916770115887857e+03 1.011457358208343749e+03
7.398601770401000977e+00 1.104535718977944725e+03 1.011457358208343749e+03
7.431268453598022461e+00 1.104307135732971801e+03 1.011457358208343749e+03
7.464697360992431641e+00 1.104183423893501640e+03 1.011457358208343749e+03
7.497907638549804688e+00 1.103869145364854148e+03 1.011457358208343749e+03
7.531687259674072266e+00 1.103590880963723066e+03 1.011457358208343749e+03
7.565103769302368164e+00 1.103447422465503223e+03 1.011457358208343749e+03
7.598324775695800781e+00 1.103346014952194764e+03 1.011457358208343749e+03
7.632018089294433594e+00 1.103053478505756402e+03 1.011457358208343749e+03
7.665030002593994141e+00 1.102691912735251208e+03 1.011457358208343749e+03
7.698730707168579102e+00 1.102497126752095483e+03 1.011457358208343749e+03
7.731501817703247070e+00 1.102274287165328815e+03 1.011457358208343749e+03
7.765227556228637695e+00 1.101891408029136755e+03 1.011457358208343749e+03
7.798684597015380859e+00 1.101531506023447946e+03 1.011457358208343749e+03
7.831762075424194336e+00 1.101416278367471705e+03 1.011457358208343749e+03
7.865651369094848633e+00 1.100980338709996204e+03 1.011457358208343749e+03
7.898255109786987305e+00 1.100717706231675947e+03 1.011457358208343749e+03
7.932182788848876953e+00 1.100289439321436930e+03 1.011457358208343749e+03
7.965534210205078125e+00 1.099814453781866860e+03 1.011457358208343749e+03
7.990539312362670898e+00 1.099412481997863551e+03 1.011457358208343749e+03
8.024315595626831055e+00 1.099197800125437197e+03 1.011457358208343749e+03
8.057611703872680664e+00 1.098650040113664772e+03 1.011457358208343749e+03
8.092063426971435547e+00 1.098337700378613818e+03 1.011457358208343749e+03
8.132761716842651367e+00 1.098122901046980360e+03 1.011457358208343749e+03
8.161982536315917969e+00 1.097773825927600910e+03 1.011457358208343749e+03
8.190335750579833984e+00 1.097385924304331866e+03 1.011457358208343749e+03
8.223652124404907227e+00 1.096900167842651172e+03 1.011457358208343749e+03
8.260259628295898438e+00 1.096589647505610174e+03 1.011457358208343749e+03
8.298146486282348633e+00 1.096490756575722571e+03 1.011457358208343749e+03
8.331402301788330078e+00 1.096287580138238354e+03 1.011457358208343749e+03
8.364846706390380859e+00 1.096096022589083759e+03 1.011457358208343749e+03
8.398454904556274414e+00 1.095847291448921396e+03 1.011457358208343749e+03
8.431347131729125977e+00 1.095774688191064570e+03 1.011457358208343749e+03
8.464910268783569336e+00 1.095470273900713210e+03 1.011457358208343749e+03
8.498359918594360352e+00 1.095395995302117626e+03 1.011457358208343749e+03
8.528397321701049805e+00 1.095246306712130263e+03 1.011457358208343749e+03
8.561640262603759766e+00 1.095083481135253123e+03 1.011457358208343749e+03
8.597165822982788086e+00 1.095177176666308242e+03 1.011457358208343749e+03
8.631057024002075195e+00 1.095254070326229794e+03 1.011457358208343749e+03
8.664030075073242188e+00 1.095264958493733047e+03 1.011457358208343749e+03
8.697727918624877930e+00 1.095220938864438040e+03 1.011457358208343749e+03
8.731079339981079102e+00 1.095281511109630401e+03 1.011457358208343749e+03
8.765141010284423828e+00 1.095235481976296569e+03 1.011457358208343749e+03
8.797799587249755859e+00 1.095248883922542291e+03 1.011457358208343749e+03
8.830635547637939453e+00 1.095191274595063987e+03 1.011457358208343749e+03
8.864108800888061523e+00 1.094914449040012414e+03 1.011457358208343749e+03
8.897369861602783203e+00 1.094712099062032848e+03 1.011457358208343749e+03
8.930990934371948242e+00 1.094628567893493710e+03 1.011457358208343749e+03
8.965060949325561523e+00 1.094698253913001963e+03 1.011457358208343749e+03
8.997742891311645508e+00 1.094518566596466826e+03 1.011457358208343749e+03
9.031446695327758789e+00 1.094342208675285519e+03 1.011457358208343749e+03
9.064429759979248047e+00 1.094134320738098040e+03 1.011457358208343749e+03
9.097349882125854492e+00 1.093926272049182217e+03 1.011457358208343749e+03
9.130543947219848633e+00 1.093767759658474688e+03 1.011457358208343749e+03
9.162777662277221680e+00 1.093504442854084346e+03 1.011457358208343749e+03
9.191683053970336914e+00 1.093166602991555465e+03 1.011457358208343749e+03
9.223487615585327148e+00 1.092934624467014373e+03 1.011457358208343749e+03
9.259084701538085938e+00 1.092671982628894057e+03 1.011457358208343749e+03
9.296450853347778320e+00 1.092295835241224495e+03 1.011457358208343749e+03
9.331347227096557617e+00 1.091642378586450832e+03 1.011457358208343749e+03
9.364770412445068359e+00 1.091414245468016361e+03 1.011457358208343749e+03
9.399563074111938477e+00 1.091042868878795844e+03 1.011457358208343749e+03
9.431917905807495117e+00 1.090574591363036234e+03 1.011457358208343749e+03
9.464979887008666992e+00 1.090047806008700036e+03 1.011457358208343749e+03
9.498129844665527344e+00 1.089312895721724544e+03 1.011457358208343749e+03
9.531686067581176758e+00 1.088888671467025233e+03 1.011457358208343749e+03
9.561764478683471680e+00 1.088456431657205258e+03 1.011457358208343749e+03
9.595061779022216797e+00 1.087825776245043699e+03 1.011457358208343749e+03
9.631335735321044922e+00 1.087383806109044372e+03 1.011457358208343749e+03
9.664876222610473633e+00 1.087039315907322589e+03 1.011457358208343749e+03
9.697373628616333008e+00 1.086584184803131393e+03 1.011457358208343749e+03
9.731066465377807617e+00 1.086299063418287915e+03 1.011457358208343749e+03
9.763889789581298828e+00 1.086129537654899650e+03 1.011457358208343749e+03
9.797720909118652344e+00 1.085786367273314681e+03 1.011457358208343749e+03
9.831817150115966797e+00 1.085324239194271286e+03 1.011457358208343749e+03
9.863971948623657227e+00 1.084982391858915435e+03 1.011457358208343749e+03
9.897174119949340820e+00 1.084555077473737583e+03 1.011457358208343749e+03
9.930975914001464844e+00 1.084098169765195962e+03 1.011457358208343749e+03
9.963971376419067383e+00 1.083469720939220906e+03 1.011457358208343749e+03
9.991341829299926758e+00 1.082694013865398347e+03 1.011457358208343749e+03
1.002421522140502930e+01 1.082083900108823400e+03 1.011457358208343749e+03
1.006103372573852539e+01 1.081545166164160946e+03 1.011457358208343749e+03
1.009945321083068848e+01 1.081074787699882791e+03 1.011457358208343749e+03
1.013254880905151367e+01 1.080642759414070724e+03 1.011457358208343749e+03
1.016290974617004395e+01 1.080283976398857703e+03 1.011457358208343749e+03
1.019119524955749512e+01 1.080038820938073286e+03 1.011457358208343749e+03
1.022367477416992188e+01 1.079785446558407330e+03 1.011457358208343749e+03
1.025643777847290039e+01 1.079562483046003308e+03 1.011457358208343749e+03
1.029722332954406738e+01 1.079392822531496904e+03 1.011457358208343749e+03
1.033189892768859863e+01 1.079059890293851595e+03 1.011457358208343749e+03
1.036482143402099609e+01 1.078774445765107657e+03 1.011457358208343749e+03
1.039817643165588379e+01 1.078187668534952309e+03 1.011457358208343749e+03
1.043147587776184082e+01 1.077738903199966899e+03 1.011457358208343749e+03
1.046499896049499512e+01 1.077021365475767425e+03 1.011457358208343749e+03
1.049891853332519531e+01 1.076568898328725709e+03 1.011457358208343749e+03
1.053168082237243652e+01 1.076285705248374143e+03 1.011457358208343749e+03
1.056526327133178711e+01 1.076002619823431587e+03 1.011457358208343749e+03
1.059831452369689941e+01 1.075626348497437220e+03 1.011457358208343749e+03
1.063209629058837891e+01 1.075410032598004818e+03 1.011457358208343749e+03
1.066513848304748535e+01 1.075264309370417322e+03 1.011457358208343749e+03
1.069830751419067383e+01 1.074985894593568446e+03 1.011457358208343749e+03
1.073145794868469238e+01 1.074965293194066817e+03 1.011457358208343749e+03
1.076470351219177246e+01 1.074724337239903889e+03 1.011457358208343749e+03
1.079875421524047852e+01 1.074580104372756068e+03 1.011457358208343749e+03
1.083124637603759766e+01 1.074466866258725304e+03 1.011457358208343749e+03
1.086538696289062500e+01 1.074286307766901018e+03 1.011457358208343749e+03
1.089557266235351562e+01 1.074250916259044288e+03 1.011457358208343749e+03
1.092410373687744141e+01 1.074170611949074782e+03 1.011457358208343749e+03
1.096624445915222168e+01 1.074151897745802444e+03 1.011457358208343749e+03
1.099423241615295410e+01 1.073988849263167367e+03 1.011457358208343749e+03
1.102422714233398438e+01 1.073903505424087598e+03 1.011457358208343749e+03
1.105882668495178223e+01 1.073882303579770223e+03 1.011457358208343749e+03
1.109889459609985352e+01 1.073831119299283273e+03 1.011457358208343749e+03
1.113255357742309570e+01 1.073711336788029712e+03 1.011457358208343749e+03
1.116926622390747070e+01 1.073600550064471236e+03 1.011457358208343749e+03
1.119214963912963867e+01 1.073641110103627625e+03 1.011457358208343749e+03
1.122372817993164062e+01 1.073497249875160378e+03 1.011457358208343749e+03
1.125714302062988281e+01 1.073382712654830129e+03 1.011457358208343749e+03
1.129758977890014648e+01 1.073247655241711982e+03 1.011457358208343749e+03
1.132386636734008789e+01 1.072979142683847158e+03 1.011457358208343749e+03
1.135742092132568359e+01 1.072709519896419124e+03 1.011457358208343749e+03
1.139359354972839355e+01 1.072415464038497930e+03 1.011457358208343749e+03
1.143220996856689453e+01 1.072129483090464419e+03 1.011457358208343749e+03
1.146614193916320801e+01 1.071931857973183924e+03 1.011457358208343749e+03
1.149929022789001465e+01 1.071662104153227574e+03 1.011457358208343749e+03
1.153177309036254883e+01 1.071439334777140402e+03 1.011457358208343749e+03
1.156046390533447266e+01 1.071158563087212769e+03 1.011457358208343749e+03
1.159470248222351074e+01 1.070895904892721319e+03 1.011457358208343749e+03
1.163163065910339355e+01 1.070564910693461115e+03 1.011457358208343749e+03
1.166590213775634766e+01 1.070132111938159596e+03 1.011457358208343749e+03
1.169944906234741211e+01 1.069753730074247414e+03 1.011457358208343749e+03
1.173271799087524414e+01 1.069315076951860647e+03 1.011457358208343749e+03
1.176570534706115723e+01 1.068901303853855552e+03 1.011457358208343749e+03
1.179934668540954590e+01 1.068347487488239267e+03 1.011457358208343749e+03
1.183273506164550781e+01 1.067770062812877086e+03 1.011457358208343749e+03
1.186580276489257812e+01 1.067079306415552082e+03 1.011457358208343749e+03
1.189597725868225098e+01 1.066404596128461208e+03 1.011457358208343749e+03
1.192599177360534668e+01 1.065953385216613697e+03 1.011457358208343749e+03
1.196177124977111816e+01 1.065360538534119314e+03 1.011457358208343749e+03
1.199684667587280273e+01 1.065083254812048835e+03 1.011457358208343749e+03
1.203035378456115723e+01 1.064773552676651434e+03 1.011457358208343749e+03
1.206346249580383301e+01 1.064399637117923703e+03 1.011457358208343749e+03
1.209700965881347656e+01 1.064081589413354777e+03 1.011457358208343749e+03
1.213015866279602051e+01 1.063664962458944274e+03 1.011457358208343749e+03
1.216892457008361816e+01 1.063176901040566236e+03 1.011457358208343749e+03
1.219004011154174805e+01 1.062469652337229945e+03 1.011457358208343749e+03
1.222477388381958008e+01 1.061788385941325032e+03 1.011457358208343749e+03
1.225639653205871582e+01 1.061004096104595192e+03 1.011457358208343749e+03
1.229672026634216309e+01 1.060546984948672161e+03 1.011457358208343749e+03
1.233086872100830078e+01 1.060100175304924278e+03 1.011457358208343749e+03
1.236166834831237793e+01 1.059651532997999311e+03 1.011457358208343749e+03
1.239209723472595215e+01 1.059217156899139127e+03 1.011457358208343749e+03
1.242711663246154785e+01 1.058908235638702536e+03 1.011457358208343749e+03
1.246624732017517090e+01 1.058607457853503320e+03 1.011457358208343749e+03
1.249977111816406250e+01 1.058340199411151616e+03 1.011457358208343749e+03
1.253391742706298828e+01 1.057999653737316066e+03 1.011457358208343749e+03
1.256318497657775879e+01 1.057489401356634971e+03 1.011457358208343749e+03
1.259639525413513184e+01 1.056891173209477074e+03 1.011457358208343749e+03
1.262934827804565430e+01 1.056315606217375944e+03 1.011457358208343749e+03
1.266267442703247070e+01 1.055635902890099487e+03 1.011457358208343749e+03
1.269675827026367188e+01 1.055084379382551106e+03 1.011457358208343749e+03
1.272966766357421875e+01 1.054741984410738723e+03 1.011457358208343749e+03
1.276319456100463867e+01 1.054194464774276639e+03 1.011457358208343749e+03
1.279643464088439941e+01 1.053745176888874539e+03 1.011457358208343749e+03
1.283185529708862305e+01 1.053362572731468163e+03 1.011457358208343749e+03
1.286500954627990723e+01 1.053016804847411549e+03 1.011457358208343749e+03
1.289724087715148926e+01 1.052672282605765531e+03 1.011457358208343749e+03
1.292692708969116211e+01 1.052664534912564704e+03 1.011457358208343749e+03
1.296307730674743652e+01 1.052492694557118512e+03 1.011457358208343749e+03
1.299661946296691895e+01 1.052389046477668217e+03 1.011457358208343749e+03
1.303022170066833496e+01 1.052309733368567777e+03 1.011457358208343749e+03
1.306310939788818359e+01 1.052254183472365412e+03 1.011457358208343749e+03
1.309672164916992188e+01 1.052045476149259457e+03 1.011457358208343749e+03
1.313040351867675781e+01 1.051810687905515124e+03 1.011457358208343749e+03
1.316304707527160645e+01 1.051553974924744125e+03 1.011457358208343749e+03
1.319007635116577148e+01 1.051208209427848260e+03 1.011457358208343749e+03
1.322378110885620117e+01 1.050908648572146831e+03 1.011457358208343749e+03
1.325669336318969727e+01 1.050674666730185663e+03 1.011457358208343749e+03
1.329727292060852051e+01 1.050574010882552102e+03 1.011457358208343749e+03
1.333097124099731445e+01 1.050448920235322248e+03 1.011457358208343749e+03
1.336429214477539062e+01 1.050449057840515025e+03 1.011457358208343749e+03
1.339768218994140625e+01 1.050410702722581618e+03 1.011457358208343749e+03
1.343140029907226562e+01 1.050409361741546491e+03 1.011457358208343749e+03
1.346418476104736328e+01 1.050403773231540072e+03 1.011457358208343749e+03
1.349827075004577637e+01 1.050355101216865933e+03 1.011457358208343749e+03
1.353207945823669434e+01 1.050361280699805320e+03 1.011457358208343749e+03
1.356427574157714844e+01 1.050243998969784570e+03 1.011457358208343749e+03
1.359875798225402832e+01 1.050113908932044296e+03 1.011457358208343749e+03
1.363221096992492676e+01 1.049939876489292146e+03 1.011457358208343749e+03
1.366482234001159668e+01 1.049762399381362457e+03 1.011457358208343749e+03
1.369790625572204590e+01 1.049574632424638594e+03 1.011457358208343749e+03
1.373124265670776367e+01 1.049343007713185671e+03 1.011457358208343749e+03
1.376466870307922363e+01 1.049074432800332715e+03 1.011457358208343749e+03
1.379424667358398438e+01 1.048779515917889057e+03 1.011457358208343749e+03
1.382428741455078125e+01 1.048470243799029959e+03 1.011457358208343749e+03
1.385902738571166992e+01 1.048081059077064083e+03 1.011457358208343749e+03
1.389701795578002930e+01 1.047916115159798437e+03 1.011457358208343749e+03
1.393082427978515625e+01 1.047827978109417018e+03 1.011457358208343749e+03
1.396383452415466309e+01 1.047819377746030568e+03 1.011457358208343749e+03
1.399733448028564453e+01 1.047641814342934140e+03 1.011457358208343749e+03
1.403054833412170410e+01 1.047496036533700817e+03 1.011457358208343749e+03
1.406478786468505859e+01 1.047256614773119054e+03 1.011457358208343749e+03
1.409711027145385742e+01 1.047034617831913692e+03 1.011457358208343749e+03
1.413110852241516113e+01 1.046695866284185513e+03 1.011457358208343749e+03
1.416391277313232422e+01 1.046315049665480501e+03 1.011457358208343749e+03
1.419004559516906738e+01 1.045821479308682001e+03 1.011457358208343749e+03
1.422431778907775879e+01 1.045477548540678072e+03 1.011457358208343749e+03
1.425658249855041504e+01 1.044972340840933384e+03 1.011457358208343749e+03
1.429682707786560059e+01 1.044729823057429485e+03 1.011457358208343749e+03
1.433126115798950195e+01 1.044599623801837197e+03 1.011457358208343749e+03
1.436455678939819336e+01 1.044407848183110673e+03 1.011457358208343749e+03
1.439485931396484375e+01 1.044432997555093380e+03 1.011457358208343749e+03
1.443067026138305664e+01 1.044537835233871419e+03 1.011457358208343749e+03
1.446428871154785156e+01 1.044364855879250172e+03 1.011457358208343749e+03
1.449903416633605957e+01 1.044133308900360589e+03 1.011457358208343749e+03
1.453077721595764160e+01 1.043864064282766549e+03 1.011457358208343749e+03
1.456443381309509277e+01 1.043526414514708904e+03 1.011457358208343749e+03
1.459711718559265137e+01 1.043069116807869250e+03 1.011457358208343749e+03
1.463104033470153809e+01 1.042530981341327333e+03 1.011457358208343749e+03
1.466456866264343262e+01 1.041914414101218426e+03 1.011457358208343749e+03
1.469837117195129395e+01 1.041292409280746369e+03 1.011457358208343749e+03
1.473149633407592773e+01 1.040695083491675859e+03 1.011457358208343749e+03
1.476494288444519043e+01 1.040304068532030215e+03 1.011457358208343749e+03
1.479720807075500488e+01 1.039822036949772610e+03 1.011457358208343749e+03
1.483141326904296875e+01 1.039483504420703866e+03 1.011457358208343749e+03
1.486395096778869629e+01 1.039119103883932894e+03 1.011457358208343749e+03
1.489709663391113281e+01 1.038903233716902605e+03 1.011457358208343749e+03
1.493081641197204590e+01 1.038756670533485703e+03 1.011457358208343749e+03
1.496420693397521973e+01 1.038452759929752574e+03 1.011457358208343749e+03
1.499735021591186523e+01 1.038263251426109491e+03 1.011457358208343749e+03
1.503040266036987305e+01 1.037807388438165390e+03 1.011457358208343749e+03
1.506414580345153809e+01 1.037372383054112788e+03 1.011457358208343749e+03
1.509793543815612793e+01 1.036876221502516955e+03 1.011457358208343749e+03
1.513133764266967773e+01 1.036380762348051803e+03 1.011457358208343749e+03
1.516623759269714355e+01 1.035734385581202332e+03 1.011457358208343749e+03
1.519036698341369629e+01 1.035063715303706886e+03 1.011457358208343749e+03
1.522381424903869629e+01 1.034432433440527120e+03 1.011457358208343749e+03
1.525731897354125977e+01 1.033866063504127851e+03 1.011457358208343749e+03
1.529808235168457031e+01 1.033456650490939865e+03 1.011457358208343749e+03
1.533239793777465820e+01 1.033039564062096588e+03 1.011457358208343749e+03
1.536569452285766602e+01 1.032709018120909377e+03 1.011457358208343749e+03
1.539889240264892578e+01 1.032500897731483519e+03 1.011457358208343749e+03
1.543168926239013672e+01 1.032328617634778311e+03 1.011457358208343749e+03
1.546512818336486816e+01 1.032069613256049252e+03 1.011457358208343749e+03
1.549883079528808594e+01 1.031888984828657385e+03 1.011457358208343749e+03
1.553102207183837891e+01 1.031652181230856286e+03 1.011457358208343749e+03
1.556505537033081055e+01 1.031301060657670405e+03 1.011457358208343749e+03
1.559921383857727051e+01 1.030983458654178548e+03 1.011457358208343749e+03
1.563009357452392578e+01 1.030618515733208596e+03 1.011457358208343749e+03
1.566408514976501465e+01 1.030414266106972491e+03 1.011457358208343749e+03
1.569718003273010254e+01 1.030022419843200396e+03 1.011457358208343749e+03
1.572669529914855957e+01 1.029683205894644061e+03 1.011457358208343749e+03
1.576273703575134277e+01 1.029549151745129620e+03 1.011457358208343749e+03
1.579790210723876953e+01 1.029320978029997377e+03 1.011457358208343749e+03
1.583202075958251953e+01 1.029036143019601695e+03 1.011457358208343749e+03
1.586462855339050293e+01 1.028866232136241479e+03 1.011457358208343749e+03
1.589425659179687500e+01 1.028621956084869680e+03 1.011457358208343749e+03
1.592709946632385254e+01 1.028331117748562519e+03 1.011457358208343749e+03
1.596338438987731934e+01 1.027949179854021168e+03 1.011457358208343749e+03
1.599647307395935059e+01 1.027689020375273230e+03 1.011457358208343749e+03
1.602469420433044434e+01 1.027214747873923670e+03 1.011457358208343749e+03
1.606011891365051270e+01 1.026766683353592725e+03 1.011457358208343749e+03
1.609885215759277344e+01 1.026437193655920964e+03 1.011457358208343749e+03
1.613286352157592773e+01 1.026146866319701303e+03 1.011457358208343749e+03
1.616257548332214355e+01 1.025901205845938421e+03 1.011457358208343749e+03
1.619055032730102539e+01 1.025611278236673115e+03 1.011457358208343749e+03
1.622339510917663574e+01 1.025463047652685418e+03 1.011457358208343749e+03
1.625740122795104980e+01 1.025319666244098016e+03 1.011457358208343749e+03
1.629719614982604980e+01 1.025173460990886724e+03 1.011457358208343749e+03
1.632419896125793457e+01 1.025088897534823673e+03 1.011457358208343749e+03
1.635764813423156738e+01 1.024977638308186897e+03 1.011457358208343749e+03
1.639283442497253418e+01 1.024747957201488362e+03 1.011457358208343749e+03
1.643257761001586914e+01 1.024537762726495430e+03 1.011457358208343749e+03
1.646597361564636230e+01 1.024161325519155753e+03 1.011457358208343749e+03
1.649940204620361328e+01 1.024124382916565310e+03 1.011457358208343749e+03
1.653198933601379395e+01 1.023873228742283914e+03 1.011457358208343749e+03
1.656598186492919922e+01 1.023495771598993315e+03 1.011457358208343749e+03
1.659925127029418945e+01 1.023241699569136472e+03 1.011457358208343749e+03
1.663283920288085938e+01 1.022907431737813226e+03 1.011457358208343749e+03
1.666644382476806641e+01 1.022639121050792710e+03 1.011457358208343749e+03
1.669965171813964844e+01 1.022280120323148481e+03 1.011457358208343749e+03
1.673240542411804199e+01 1.021974236859838925e+03 1.011457358208343749e+03
1.676550507545471191e+01 1.021706320801210381e+03 1.011457358208343749e+03
1.679865598678588867e+01 1.021503216620602302e+03 1.011457358208343749e+03
1.683495235443115234e+01 1.021225409429107685e+03 1.011457358208343749e+03
1.686713528633117676e+01 1.021040353997023317e+03 1.011457358208343749e+03
1.689224600791931152e+01 1.020856148621865373e+03 1.011457358208343749e+03
1.692551994323730469e+01 1.020663896180602592e+03 1.011457358208343749e+03
1.696254706382751465e+01 1.020332943114372711e+03 1.011457358208343749e+03
1.699607563018798828e+01 1.020145738328829907e+03 1.011457358208343749e+03
1.702905511856079102e+01 1.019808881345109057e+03 1.011457358208343749e+03
1.706245613098144531e+01 1.019580461754886528e+03 1.011457358208343749e+03
1.709575867652893066e+01 1.019209575127207017e+03 1.011457358208343749e+03
1.712957620620727539e+01 1.018894220457941287e+03 1.011457358208343749e+03
1.716254854202270508e+01 1.018371561666383855e+03 1.011457358208343749e+03
1.719051718711853027e+01 1.017898598313047842e+03 1.011457358208343749e+03
1.722407436370849609e+01 1.017424348871751135e+03 1.011457358208343749e+03
1.725718069076538086e+01 1.017176428873265991e+03 1.011457358208343749e+03
1.729780459403991699e+01 1.016800390632238418e+03 1.011457358208343749e+03
1.733101940155029297e+01 1.016632646234665344e+03 1.011457358208343749e+03
1.736476922035217285e+01 1.016359498922606122e+03 1.011457358208343749e+03
1.739364433288574219e+01 1.016284660495972162e+03 1.011457358208343749e+03
1.742817234992980957e+01 1.016168204243310470e+03 1.011457358208343749e+03
1.746402287483215332e+01 1.016163265759519390e+03 1.011457358208343749e+03
1.749727034568786621e+01 1.015997206397138598e+03 1.011457358208343749e+03
1.753046965599060059e+01 1.015876265975887577e+03 1.011457358208343749e+03
1.756422758102416992e+01 1.015783267428620775e+03 1.011457358208343749e+03
1.759685993194580078e+01 1.015522003810575711e+03 1.011457358208343749e+03
1.763030815124511719e+01 1.015203521901123850e+03 1.011457358208343749e+03
1.766412878036499023e+01 1.014940317282149294e+03 1.011457358208343749e+03
1.769753265380859375e+01 1.014505414447070734e+03 1.011457358208343749e+03
1.773052954673767090e+01 1.014272389456263227e+03 1.011457358208343749e+03
1.776400732994079590e+01 1.013840506917846938e+03 1.011457358208343749e+03
1.779712629318237305e+01 1.013749518316729791e+03 1.011457358208343749e+03
1.783021068572998047e+01 1.013497081342260230e+03 1.011457358208343749e+03
1.786350703239440918e+01 1.013243481638944218e+03 1.011457358208343749e+03
1.789724731445312500e+01 1.013071172736974518e+03 1.011457358208343749e+03
1.793000817298889160e+01 1.012873158494937911e+03 1.011457358208343749e+03
1.796340584754943848e+01 1.012668136301462368e+03 1.011457358208343749e+03
1.799673748016357422e+01 1.012656992270796650e+03 1.011457358208343749e+03
1.802401590347290039e+01 1.012337457088178439e+03 1.011457358208343749e+03
1.805854725837707520e+01 1.012133438922425285e+03 1.011457358208343749e+03
1.809907889366149902e+01 1.011840373651795176e+03 1.011457358208343749e+03
1.813222479820251465e+01 1.011628109489530061e+03 1.011457358208343749e+03
1.816566586494445801e+01 1.011384189624039095e+03 1.011457358208343749e+03
1.819022917747497559e+01 1.011209655715345093e+03 1.011457358208343749e+03
1.822367596626281738e+01 1.011027018588511510e+03 1.011457358208343749e+03
1.825692343711853027e+01 1.010863835747881126e+03 1.011457358208343749e+03
1.829272556304931641e+01 1.010690687958403259e+03 1.011457358208343749e+03
1.833072495460510254e+01 1.010607585719384019e+03 1.011457358208343749e+03
1.836503529548645020e+01 1.010477769441890359e+03 1.011457358208343749e+03
1.839881062507629395e+01 1.010207761559249889e+03 1.011457358208343749e+03
1.843121695518493652e+01 1.009927148035334653e+03 1.011457358208343749e+03
1.846559953689575195e+01 1.009668788142902486e+03 1.011457358208343749e+03
1.849829339981079102e+01 1.009503840793072868e+03 1.011457358208343749e+03
1.853097152709960938e+01 1.009197212214469459e+03 1.011457358208343749e+03
1.856520128250122070e+01 1.008788143924760448e+03 1.011457358208343749e+03
1.859518194198608398e+01 1.008533592505602087e+03 1.011457358208343749e+03
1.862856793403625488e+01 1.008315650795327429e+03 1.011457358208343749e+03
1.866378188133239746e+01 1.008098615341202049e+03 1.011457358208343749e+03
1.869748163223266602e+01 1.007871774027886659e+03 1.011457358208343749e+03
1.873026823997497559e+01 1.007631794537431574e+03 1.011457358208343749e+03
1.876397252082824707e+01 1.007410022867311568e+03 1.011457358208343749e+03
1.879738116264343262e+01 1.007326225086119621e+03 1.011457358208343749e+03
1.883096885681152344e+01 1.007126739528187954e+03 1.011457358208343749e+03
1.886382603645324707e+01 1.006957717555378167e+03 1.011457358208343749e+03
1.889802169799804688e+01 1.006542128007326482e+03 1.011457358208343749e+03
1.892802834510803223e+01 1.006270397791314281e+03 1.011457358208343749e+03
1.896297883987426758e+01 1.005846006538578195e+03 1.011457358208343749e+03
1.899683070182800293e+01 1.005450522055840793e+03 1.011457358208343749e+03
1.903027439117431641e+01 1.004969017671699703e+03 1.011457358208343749e+03
1.906325411796569824e+01 1.004566057176719937e+03 1.011457358208343749e+03
1.909668278694152832e+01 1.004339899448743381e+03 1.011457358208343749e+03
1.912972068786621094e+01 1.004153962310746124e+03 1.011457358208343749e+03
1.916339659690856934e+01 1.004115484349153689e+03 1.011457358208343749e+03
1.919038867950439453e+01 1.004024220673299965e+03 1.011457358208343749e+03
1.922331261634826660e+01 1.003990654941514890e+03 1.011457358208343749e+03
1.925686931610107422e+01 1.004203306242294843e+03 1.011457358208343749e+03
1.929302597045898438e+01 1.004320984206537219e+03 1.011457358208343749e+03
1.933149671554565430e+01 1.004484356919578772e+03 1.011457358208343749e+03
1.936467313766479492e+01 1.004595022974810036e+03 1.011457358208343749e+03
1.939810848236083984e+01 1.004776788217850140e+03 1.011457358208343749e+03
1.943124389648437500e+01 1.004916031427635630e+03 1.011457358208343749e+03
1.946485233306884766e+01 1.004961694342983833e+03 1.011457358208343749e+03
1.949832391738891602e+01 1.005002677003411804e+03 1.011457358208343749e+03
1.953145670890808105e+01 1.005031222384256921e+03 1.011457358208343749e+03
1.956573748588562012e+01 1.004893206495912636e+03 1.011457358208343749e+03
1.959355521202087402e+01 1.004844521691282239e+03 1.011457358208343749e+03
1.962705779075622559e+01 1.004880253748485188e+03 1.011457358208343749e+03
1.966320419311523438e+01 1.004850899822066140e+03 1.011457358208343749e+03
1.969673466682434082e+01 1.004819858730363535e+03 1.011457358208343749e+03
1.973088812828063965e+01 1.004780082977574921e+03 1.011457358208343749e+03
1.976301097869873047e+01 1.004737826805913528e+03 1.011457358208343749e+03
1.979445123672485352e+01 1.004734645759112937e+03 1.011457358208343749e+03
1.982552218437194824e+01 1.004688422613755392e+03 1.011457358208343749e+03
1.986026310920715332e+01 1.004597908662964983e+03 1.011457358208343749e+03
1.989329028129577637e+01 1.004578752731208510e+03 1.011457358208343749e+03
1.993287777900695801e+01 1.004545039802574365e+03 1.011457358208343749e+03
1.996555829048156738e+01 1.004556047090661878e+03 1.011457358208343749e+03
1.999925041198730469e+01 1.004549187860103757e+03 1.011457358208343749e+03
2.002800846099853516e+01 1.004384941593941107e+03 2.114573582083437202e+02
2.006079149246215820e+01 1.004395619037362962e+03 2.114573582083437202e+02
2.009870886802673340e+01 1.004312165427085461e+03 2.114573582083437202e+02
2.013232469558715820e+01 1.004032731448309391e+03 2.114573582083437202e+02
2.016256284713745117e+01 1.003336542535670901e+03 2.114573582083437202e+02
2.019229984283447266e+01 1.002114995205157015e+03 2.114573582083437202e+02
2.022348666191101074e+01 1.000473753993552805e+03 2.114573582083437202e+02
2.025729417800903320e+01 9.981456865626189483e+02 2.114573582083437202e+02
2.029088282585144043e+01 9.953837218421635953e+02 2.114573582083437202e+02
2.033039045333862305e+01 9.921083498056405006e+02 2.114573582083437202e+02
2.036561417579650879e+01 9.882688477962543629e+02 2.114573582083437202e+02
2.039908385276794434e+01 9.839261212639451060e+02 2.114573582083437202e+02
2.043196320533752441e+01 9.791797506149069932e+02 2.114573582083437202e+02
2.046475386619567871e+01 9.738630851419986811e+02 2.114573582083437202e+02
2.049836063385009766e+01 9.682638005951381501e+02 2.114573582083437202e+02
2.053158092498779297e+01 9.621203837119938953e+02 2.114573582083437202e+02
2.056504225730895996e+01 9.556057134203182386e+02 2.114573582083437202e+02
2.059824562072753906e+01 9.488095572821232508e+02 2.114573582083437202e+02
2.062828326225280762e+01 9.415083890141563643e+02 2.114573582083437202e+02
2.066183519363403320e+01 9.339217006540538932e+02 2.114573582083437202e+02
2.069891643524169922e+01 9.258409625161882559e+02 2.114573582083437202e+02
2.073291063308715820e+01 9.173734643795347665e+02 2.114573582083437202e+02
2.076550531387329102e+01 9.085779163637437250e+02 2.114573582083437202e+02
2.079887127876281738e+01 8.995111152709400812e+02 2.114573582083437202e+02
2.083243894577026367e+01 8.901501792867782115e+02 2.114573582083437202e+02
2.086243295669555664e+01 8.805377965414800201e+02 2.114573582083437202e+02
2.089612245559692383e+01 8.703131863312792120e+02 2.114573582083437202e+02
2.093017268180847168e+01 8.600142182530497621e+02 2.114573582083437202e+02
2.096251463890075684e+01 8.493593968615906533e+02 2.114573582083437202e+02
2.099672126770019531e+01 8.385852670255561634e+02 2.114573582083437202e+02
2.102372145652770996e+01 8.270610337017903930e+02 2.114573582083437202e+02
2.105759716033935547e+01 8.154917289991611824e+02 2.114573582083437202e+02
2.109659576416015625e+01 8.034607627568238968e+02 2.114573582083437202e+02
2.113050603866577148e+01 7.912136460327674286e+02 2.114573582083437202e+02
2.116470670700073242e+01 7.784577756389645629e+02 2.114573582083437202e+02
2.119405698776245117e+01 7.655203301228428927e+02 2.114573582083437202e+02
2.122369766235351562e+01 7.520815759831299374e+02 2.114573582083437202e+02
2.125705599784851074e+01 7.381543464021262935e+02 2.114573582083437202e+02
2.129233169555664062e+01 7.237586414407450093e+02 2.114573582083437202e+02
2.132969045639038086e+01 7.088352150099432265e+02 2.114573582083437202e+02
2.135675168037414551e+01 6.933839629063454595e+02 2.114573582083437202e+02
2.139111828804016113e+01 6.774247050939362680e+02 2.114573582083437202e+02
2.142744588851928711e+01 6.610340609781281955e+02 2.114573582083437202e+02
2.146595358848571777e+01 6.445373470257030704e+02 2.114573582083437202e+02
2.149888730049133301e+01 6.281096367871967914e+02 2.114573582083437202e+02
2.153300285339355469e+01 6.115610119825045103e+02 2.114573582083437202e+02
2.156282114982604980e+01 5.950689768314603043e+02 2.114573582083437202e+02
2.159407091140747070e+01 5.787361586414441490e+02 2.114573582083437202e+02
2.162381386756896973e+01 5.625805217304936150e+02 2.114573582083437202e+02
2.165842413902282715e+01 5.463648739891832520e+02 2.114573582083437202e+02
2.169908905029296875e+01 5.301126646743286983e+02 2.114573582083437202e+02
2.173219203948974609e+01 5.135187612709186169e+02 2.114573582083437202e+02
2.176254129409790039e+01 4.965628404118573371e+02 2.114573582083437202e+02
2.179602098464965820e+01 4.784628702837631522e+02 2.114573582083437202e+02
2.182879137992858887e+01 4.586967087706526058e+02 2.114573582083437202e+02
2.186221122741699219e+01 4.364640425942602064e+02 2.114573582083437202e+02
2.189564752578735352e+01 4.117593178303069976e+02 2.114573582083437202e+02
2.192934465408325195e+01 3.833218605126410807e+02 2.114573582083437202e+02
2.196315526962280273e+01 3.505449082352966457e+02 2.114573582083437202e+02
2.199575114250183105e+01 3.126319223545104364e+02 2.114573582083437202e+02
2.202899026870727539e+01 2.685488624121570069e+02 2.114573582083437202e+02
2.206258487701416016e+01 2.163137832713366322e+02 2.114573582083437202e+02
2.209877824783325195e+01 1.535844675060939153e+02 2.114573582083437202e+02
2.213139319419860840e+01 7.556685240957324368e+01 2.114573582083437202e+02
2.219906306266784668e+01 1.022589988278780311e+02 2.114573582083437202e+02
2.222498059272766113e+01 1.372129958110296002e+02 2.114573582083437202e+02
2.225761318206787109e+01 1.621622425549528259e+02 2.114573582083437202e+02
2.229033756256103516e+01 1.759906866884133194e+02 2.114573582083437202e+02
2.232645273208618164e+01 1.785547492342772671e+02 2.114573582083437202e+02
2.236410260200500488e+01 1.709364379084520920e+02 2.114573582083437202e+02
2.239870166778564453e+01 1.531441873482015978e+02 2.114573582083437202e+02
2.243293833732604980e+01 1.250632109210585128e+02 2.114573582083437202e+02
2.246491599082946777e+01 1.199121924210299994e+02 2.114573582083437202e+02
2.249833178520202637e+01 1.284481798531125492e+02 2.114573582083437202e+02
2.253162908554077148e+01 1.269408684461794223e+02 2.114573582083437202e+02
2.256425094604492188e+01 1.150521788585504481e+02 2.114573582083437202e+02
2.259837222099304199e+01 9.259204629074328352e+01 2.114573582083437202e+02
2.262896060943603516e+01 6.908300856529261580e+01 2.114573582083437202e+02
2.266154670715332031e+01 5.594788954803743053e+01 2.114573582083437202e+02
2.269718647003173828e+01 5.435689680579122296e+01 2.114573582083437202e+02
2.273103666305541992e+01 5.311208938763140708e+01 2.114573582083437202e+02
2.276366758346557617e+01 5.103515121435465574e+01 2.114573582083437202e+02
2.279705333709716797e+01 5.188931353198613294e+01 2.114573582083437202e+02
2.283045482635498047e+01 5.169537563077602726e+01 2.114573582083437202e+02
2.286364316940307617e+01 5.124229070735600544e+01 2.114573582083437202e+02
2.289452123641967773e+01 5.134391630530935657e+01 2.114573582083437202e+02
2.292793178558349609e+01 5.120300503471877818e+01 2.114573582083437202e+02
2.296568799018859863e+01 5.123645435112569402e+01 2.114573582083437202e+02
2.299944782257080078e+01 5.121390707172996315e+01 2.114573582083437202e+02
2.302363777160644531e+01 5.124018675015212665e+01 2.114573582083437202e+02
2.305769157409667969e+01 5.151986217225371689e+01 2.114573582083437202e+02
2.309271073341369629e+01 5.143265615846343763e+01 2.114573582083437202e+02
2.313299155235290527e+01 5.136841763164638053e+01 2.114573582083437202e+02
2.316582632064819336e+01 5.135892378956676652e+01 2.114573582083437202e+02
2.320202660560607910e+01 5.135658790410338526e+01 2.114573582083437202e+02
2.322444844245910645e+01 5.149821441372535702e+01 2.114573582083437202e+02
2.325657534599304199e+01 5.140339649760664997e+01 2.114573582083437202e+02
2.329014229774475098e+01 5.137045860747925019e+01 2.114573582083437202e+02
2.332991719245910645e+01 5.133531437264207398e+01 2.114573582083437202e+02
2.336429882049560547e+01 5.114404707091768643e+01 2.114573582083437202e+02
2.339852333068847656e+01 5.115805352714505005e+01 2.114573582083437202e+02
2.342501330375671387e+01 5.111901982624370788e+01 2.114573582083437202e+02
2.345775723457336426e+01 5.117504624025234250e+01 2.114573582083437202e+02
2.349154639244079590e+01 5.117221645887416770e+01 2.114573582083437202e+02
2.353184533119201660e+01 5.113394192699533392e+01 2.114573582083437202e+02
2.356603884696960449e+01 5.119609750273934168e+01 2.114573582083437202e+02
2.359902763366699219e+01 5.115661976570979874e+01 2.114573582083437202e+02
2.362422323226928711e+01 5.142430915997224616e+01 2.114573582083437202e+02
2.365795493125915527e+01 5.133555189093659266e+01 2.114573582083437202e+02
2.369366836547851562e+01 5.134237088045048836e+01 2.114573582083437202e+02
2.373230624198913574e+01 5.142224294534256046e+01 2.114573582083437202e+02
2.376595497131347656e+01 5.145705064227175285e+01 2.114573582083437202e+02
2.379974460601806641e+01 5.137001646358085338e+01 2.114573582083437202e+02
2.383219766616821289e+01 5.135871517296519073e+01 2.114573582083437202e+02
2.386553645133972168e+01 5.142359020933000124e+01 2.114573582083437202e+02
2.389449548721313477e+01 5.143150734353715592e+01 2.114573582083437202e+02
2.392635440826416016e+01 5.137205895644680709e+01 2.114573582083437202e+02
2.396303701400756836e+01 5.139624640842514935e+01 2.114573582083437202e+02
2.399636244773864746e+01 5.141925731584216663e+01 2.114573582083437202e+02
2.402966380119323730e+01 5.134760036009731721e+01 2.114573582083437202e+02
2.405711340904235840e+01 5.139730589288328844e+01 2.114573582083437202e+02
2.409195661544799805e+01 5.139199638545518667e+01 2.114573582083437202e+02
2.412946486473083496e+01 5.139935596346313673e+01 2.114573582083437202e+02
2.416494560241699219e+01 5.143169295793097717e+01 2.114573582083437202e+02
2.419312500953674316e+01 5.135098574819409123e+01 2.114573582083437202e+02
2.422376203536987305e+01 5.142328878484118349e+01 2.114573582083437202e+02
2.425670862197875977e+01 5.142196330089505807e+01 2.114573582083437202e+02
2.429041361808776855e+01 5.141120697710369569e+01 2.114573582083437202e+02
2.432379674911499023e+01 5.142573484024218544e+01 2.114573582083437202e+02
2.435786843299865723e+01 5.140612240961323209e+01 2.114573582083437202e+02
2.439460992813110352e+01 5.138881065083524646e+01 2.114573582083437202e+02
