6.715846061706542969e-02 1.138494215266388743e+01 1.011359793800633156e+03
1.006209850311279297e-01 1.140860450507135049e+01 1.011359793800633156e+03
1.337409019470214844e-01 1.128888340888454067e+01 1.011359793800633156e+03
1.670219898223876953e-01 1.134490996744060709e+01 1.011359793800633156e+03
2.005314826965332031e-01 1.155776164191253486e+01 1.011359793800633156e+03
2.379682064056396484e-01 1.161992908995817864e+01 1.011359793800633156e+03
2.667684555053710938e-01 1.222272048698798130e+01 1.011359793800633156e+03
3.056695461273193359e-01 1.424481196095098667e+01 1.011359793800633156e+03
3.267667293548583984e-01 1.885609469440957042e+01 1.011359793800633156e+03
3.619027137756347656e-01 2.572821198555371325e+01 1.011359793800633156e+03
3.932740688323974609e-01 3.443590272118316165e+01 1.011359793800633156e+03
4.337666034698486328e-01 4.509478875021274291e+01 1.011359793800633156e+03
4.684226512908935547e-01 5.736475092944889553e+01 1.011359793800633156e+03
5.020847320556640625e-01 7.094487009107947983e+01 1.011359793800633156e+03
5.317385196685791016e-01 8.563412162965192920e+01 1.011359793800633156e+03
5.637664794921875000e-01 1.009037522637711533e+02 1.011359793800633156e+03
5.999135971069335938e-01 1.173932593133341840e+02 1.011359793800633156e+03
6.330890655517578125e-01 1.347953830542971048e+02 1.011359793800633156e+03
6.665802001953125000e-01 1.527357566825554329e+02 1.011359793800633156e+03
7.001025676727294922e-01 1.713158613301842195e+02 1.011359793800633156e+03
7.332072257995605469e-01 1.905367471236634742e+02 1.011359793800633156e+03
7.668735980987548828e-01 2.102450881527352351e+02 1.011359793800633156e+03
7.993075847625732422e-01 2.304673897191497076e+02 1.011359793800633156e+03
8.328936100006103516e-01 2.511406333270656717e+02 1.011359793800633156e+03
8.670215606689453125e-01 2.723484599447784262e+02 1.011359793800633156e+03
8.997349739074707031e-01 2.935221621980415421e+02 1.011359793800633156e+03
9.335284233093261719e-01 3.152977773039638691e+02 1.011359793800633156e+03
9.669971466064453125e-01 3.371534311555957970e+02 1.011359793800633156e+03
9.998245239257812500e-01 3.591412474134177728e+02 1.011359793800633156e+03
1.033478021621704102e+00 3.813526554223845437e+02 1.011359793800633156e+03
1.066476583480834961e+00 4.039132708542254022e+02 1.011359793800633156e+03
1.099837303161621094e+00 4.267416795528088187e+02 1.011359793800633156e+03
1.130411148071289062e+00 4.498648510214987368e+02 1.011359793800633156e+03
1.160605430603027344e+00 4.733619472430912651e+02 1.011359793800633156e+03
1.196495532989501953e+00 4.971756549805013492e+02 1.011359793800633156e+03
1.235574007034301758e+00 5.215577618322341777e+02 1.011359793800633156e+03
1.269150972366333008e+00 5.462447410620554820e+02 1.011359793800633156e+03
1.294828176498413086e+00 5.713037046148436957e+02 1.011359793800633156e+03
1.326833724975585938e+00 5.966573594230542312e+02 1.011359793800633156e+03
1.360069513320922852e+00 6.223749152961603386e+02 1.011359793800633156e+03
1.393889427185058594e+00 6.484311057340424895e+02 1.011359793800633156e+03
1.426927804946899414e+00 6.749866880971725323e+02 1.011359793800633156e+03
1.462449550628662109e+00 7.016178667207657327e+02 1.011359793800633156e+03
1.494877576828002930e+00 7.286809433607912752e+02 1.011359793800633156e+03
1.528204441070556641e+00 7.562083115701543647e+02 1.011359793800633156e+03
1.564802408218383789e+00 7.837202317355194054e+02 1.011359793800633156e+03
1.602155923843383789e+00 8.117277611475373078e+02 1.011359793800633156e+03
1.630638837814331055e+00 8.401968066242599207e+02 1.011359793800633156e+03
1.659639835357666016e+00 8.689637538974178597e+02 1.011359793800633156e+03
1.693402767181396484e+00 8.976869040656790730e+02 1.011359793800633156e+03
1.726847410202026367e+00 9.265531345677635500e+02 1.011359793800633156e+03
1.759857654571533203e+00 9.549427511259659695e+02 1.011359793800633156e+03
1.793461084365844727e+00 9.821781727413851968e+02 1.011359793800633156e+03
1.826621770858764648e+00 1.008984347359370304e+03 1.011359793800633156e+03
1.859538555145263672e+00 1.034878334607376019e+03 1.011359793800633156e+03
1.892830371856689453e+00 1.060057438128949116e+03 1.011359793800633156e+03
1.926907300949096680e+00 1.084280330268225725e+03 1.011359793800633156e+03
1.959807395935058594e+00 1.107527251419377990e+03 1.011359793800633156e+03
1.993043184280395508e+00 1.130479235240983371e+03 1.011359793800633156e+03
2.026934146881103516e+00 1.152572677038854863e+03 1.011359793800633156e+03
2.060180902481079102e+00 1.173888006888892960e+03 1.011359793800633156e+03
2.093480348587036133e+00 1.194677928108399556e+03 1.011359793800633156e+03
2.127002477645874023e+00 1.214902975406479300e+03 1.011359793800633156e+03
2.160855531692504883e+00 1.234400376323286537e+03 1.011359793800633156e+03
2.193916559219360352e+00 1.253608783688459880e+03 1.011359793800633156e+03
2.226779699325561523e+00 1.271832796958064364e+03 1.011359793800633156e+03
2.260384559631347656e+00 1.289937451918385023e+03 1.011359793800633156e+03
2.293503046035766602e+00 1.307414085427406917e+03 1.011359793800633156e+03
2.327580451965332031e+00 1.324080447605481822e+03 1.011359793800633156e+03
2.360129117965698242e+00 1.340266007164992971e+03 1.011359793800633156e+03
2.393514394760131836e+00 1.356065452441814841e+03 1.011359793800633156e+03
2.427598953247070312e+00 1.371201508173435514e+03 1.011359793800633156e+03
2.460430383682250977e+00 1.385992045133286865e+03 1.011359793800633156e+03
2.493632793426513672e+00 1.400234504078207692e+03 1.011359793800633156e+03
2.527027845382690430e+00 1.414123721573370631e+03 1.011359793800633156e+03
2.560514211654663086e+00 1.427156150205784570e+03 1.011359793800633156e+03
2.593447208404541016e+00 1.439712971770351714e+03 1.011359793800633156e+03
2.627048015594482422e+00 1.452009732593437093e+03 1.011359793800633156e+03
2.660734891891479492e+00 1.463781412759190744e+03 1.011359793800633156e+03
2.693892717361450195e+00 1.474930838299567085e+03 1.011359793800633156e+03
2.726984500885009766e+00 1.485479745952222629e+03 1.011359793800633156e+03
2.761981010437011719e+00 1.495965748451424133e+03 1.011359793800633156e+03
2.793661117553710938e+00 1.505497108896840928e+03 1.011359793800633156e+03
2.827393054962158203e+00 1.514672708121604501e+03 1.011359793800633156e+03
2.860569238662719727e+00 1.523294949638106573e+03 1.011359793800633156e+03
2.894822597503662109e+00 1.531396749885529061e+03 1.011359793800633156e+03
2.928621292114257812e+00 1.538951688116284913e+03 1.011359793800633156e+03
2.961853027343750000e+00 1.546054220699859343e+03 1.011359793800633156e+03
2.995174169540405273e+00 1.552800086629227508e+03 1.011359793800633156e+03
3.030893087387084961e+00 1.558885235086646162e+03 1.011359793800633156e+03
3.060832500457763672e+00 1.564753553554073505e+03 1.011359793800633156e+03
3.095878601074218750e+00 1.570004979303194432e+03 1.011359793800633156e+03
3.130027770996093750e+00 1.574976635517224622e+03 1.011359793800633156e+03
3.163892507553100586e+00 1.579480706923017578e+03 1.011359793800633156e+03
3.202189207077026367e+00 1.583639099589709303e+03 1.011359793800633156e+03
3.234714746475219727e+00 1.587344134448343311e+03 1.011359793800633156e+03
3.260663509368896484e+00 1.590875007842755167e+03 1.011359793800633156e+03
3.295382261276245117e+00 1.593822536520279527e+03 1.011359793800633156e+03
3.326816797256469727e+00 1.596395117483656122e+03 1.011359793800633156e+03
3.361193895339965820e+00 1.598663449870649856e+03 1.011359793800633156e+03
3.393668889999389648e+00 1.600239650117906194e+03 1.011359793800633156e+03
3.434016466140747070e+00 1.601956354772958775e+03 1.011359793800633156e+03
3.468425989151000977e+00 1.602930870198704270e+03 1.011359793800633156e+03
3.501403808593750000e+00 1.603778438164154522e+03 1.011359793800633156e+03
3.530612468719482422e+00 1.604255928552238629e+03 1.011359793800633156e+03
3.564810037612915039e+00 1.604271847951582913e+03 1.011359793800633156e+03
3.597647666931152344e+00 1.603934783951626514e+03 1.011359793800633156e+03
3.629653930664062500e+00 1.603393690035865120e+03 1.011359793800633156e+03
3.664384603500366211e+00 1.602506520436899109e+03 1.011359793800633156e+03
3.699286937713623047e+00 1.601407591967085182e+03 1.011359793800633156e+03
3.734983921051025391e+00 1.599941493056301397e+03 1.011359793800633156e+03
3.768458843231201172e+00 1.598099452063905574e+03 1.011359793800633156e+03
3.801857948303222656e+00 1.595996080997065974e+03 1.011359793800633156e+03
3.836340665817260742e+00 1.593548831164314151e+03 1.011359793800633156e+03
3.865388393402099609e+00 1.590818641156772401e+03 1.011359793800633156e+03
3.893943071365356445e+00 1.588035940531785400e+03 1.011359793800633156e+03
3.928327798843383789e+00 1.584665598879132176e+03 1.011359793800633156e+03
3.969007253646850586e+00 1.581026343122906837e+03 1.011359793800633156e+03
4.001929283142089844e+00 1.577261458140671266e+03 1.011359793800633156e+03
4.034767866134643555e+00 1.572880832856799543e+03 1.011359793800633156e+03
4.068257331848144531e+00 1.568470602368733580e+03 1.011359793800633156e+03
4.101687908172607422e+00 1.563695378202160555e+03 1.011359793800633156e+03
4.134545803070068359e+00 1.558546923454440503e+03 1.011359793800633156e+03
4.165218830108642578e+00 1.553312979008790535e+03 1.011359793800633156e+03
4.198526859283447266e+00 1.547476733495988810e+03 1.011359793800633156e+03
4.231614351272583008e+00 1.541364147682557814e+03 1.011359793800633156e+03
4.260333776473999023e+00 1.534993405197432821e+03 1.011359793800633156e+03
4.293907403945922852e+00 1.528446099861453831e+03 1.011359793800633156e+03
4.327577352523803711e+00 1.521499155808334081e+03 1.011359793800633156e+03
4.360333681106567383e+00 1.514118322626594590e+03 1.011359793800633156e+03
4.393341302871704102e+00 1.506564871856042600e+03 1.011359793800633156e+03
4.434534311294555664e+00 1.498527009216394163e+03 1.011359793800633156e+03
4.469188690185546875e+00 1.490465334286635198e+03 1.011359793800633156e+03
4.498458385467529297e+00 1.481808916134817991e+03 1.011359793800633156e+03
4.531936168670654297e+00 1.473103087799439436e+03 1.011359793800633156e+03
4.565853834152221680e+00 1.464019014140985064e+03 1.011359793800633156e+03
4.601894378662109375e+00 1.454360899912509694e+03 1.011359793800633156e+03
4.634160757064819336e+00 1.444626410286057762e+03 1.011359793800633156e+03
4.667712450027465820e+00 1.434550804945584559e+03 1.011359793800633156e+03
4.700823307037353516e+00 1.424102703797348795e+03 1.011359793800633156e+03
4.734467029571533203e+00 1.413375222369181301e+03 1.011359793800633156e+03
4.767620563507080078e+00 1.402253916490417851e+03 1.011359793800633156e+03
4.801001071929931641e+00 1.390779796138022903e+03 1.011359793800633156e+03
4.833832740783691406e+00 1.378986320734472883e+03 1.011359793800633156e+03
4.868257045745849609e+00 1.366877752172868668e+03 1.011359793800633156e+03
4.900885105133056641e+00 1.354313885434640724e+03 1.011359793800633156e+03
4.934446573257446289e+00 1.341572490890016070e+03 1.011359793800633156e+03
4.967287540435791016e+00 1.328399743816256887e+03 1.011359793800633156e+03
5.000714063644409180e+00 1.315042868133083402e+03 1.011359793800633156e+03
5.033698081970214844e+00 1.301219361830001162e+03 1.011359793800633156e+03
5.067916631698608398e+00 1.287056543489159594e+03 1.011359793800633156e+03
5.100738286972045898e+00 1.272766481368886843e+03 1.011359793800633156e+03
5.134204149246215820e+00 1.258254536294137097e+03 1.011359793800633156e+03
5.167933225631713867e+00 1.243241725939986281e+03 1.011359793800633156e+03
5.200941324234008789e+00 1.228204538151778252e+03 1.011359793800633156e+03
5.233851909637451172e+00 1.212969295003003936e+03 1.011359793800633156e+03
5.267916440963745117e+00 1.197186401503745401e+03 1.011359793800633156e+03
5.300744533538818359e+00 1.181432762877386040e+03 1.011359793800633156e+03
5.327455759048461914e+00 1.165226903692959240e+03 1.011359793800633156e+03
5.360071182250976562e+00 1.149060599352965028e+03 1.011359793800633156e+03
5.393306493759155273e+00 1.133092412940524582e+03 1.011359793800633156e+03
5.433609724044799805e+00 1.117721340596927575e+03 1.011359793800633156e+03
5.467995643615722656e+00 1.102942101676291713e+03 1.011359793800633156e+03
5.502303361892700195e+00 1.089421164232726824e+03 1.011359793800633156e+03
5.531669855117797852e+00 1.076783160879043180e+03 1.011359793800633156e+03
5.562674999237060547e+00 1.064545576911414173e+03 1.011359793800633156e+03
5.599387884140014648e+00 1.053166947912058504e+03 1.011359793800633156e+03
5.632444858551025391e+00 1.042763000846753357e+03 1.011359793800633156e+03
5.666002035140991211e+00 1.033175349491020370e+03 1.011359793800633156e+03
5.699347972869873047e+00 1.024446277527372786e+03 1.011359793800633156e+03
5.732496023178100586e+00 1.016580016115863714e+03 1.011359793800633156e+03
5.765803575515747070e+00 1.009627172775322492e+03 1.011359793800633156e+03
5.799080848693847656e+00 1.003252746953910332e+03 1.011359793800633156e+03
5.833171129226684570e+00 9.973768811417554616e+02 1.011359793800633156e+03
5.865728855133056641e+00 9.914035556640770892e+02 1.011359793800633156e+03
5.901973247528076172e+00 9.854924226701094767e+02 1.011359793800633156e+03
5.935208797454833984e+00 9.793668559505906615e+02 1.011359793800633156e+03
5.968299865722656250e+00 9.729867591593999805e+02 1.011359793800633156e+03
6.001265287399291992e+00 9.664944974510041220e+02 1.011359793800633156e+03
6.034725189208984375e+00 9.597352875285887421e+02 1.011359793800633156e+03
6.068102121353149414e+00 9.535357633958931274e+02 1.011359793800633156e+03
6.101823329925537109e+00 9.477599863414095580e+02 1.011359793800633156e+03
6.134477138519287109e+00 9.427660569344442365e+02 1.011359793800633156e+03
6.160326242446899414e+00 9.386560517587074628e+02 1.011359793800633156e+03
6.193901062011718750e+00 9.354718199418505264e+02 1.011359793800633156e+03
6.228918552398681641e+00 9.332270644174685685e+02 1.011359793800633156e+03
6.269109487533569336e+00 9.317184634630286837e+02 1.011359793800633156e+03
6.302661657333374023e+00 9.303725271163804109e+02 1.011359793800633156e+03
6.326632499694824219e+00 9.292507694188789173e+02 1.011359793800633156e+03
6.359955787658691406e+00 9.279300719867223961e+02 1.011359793800633156e+03
6.393403768539428711e+00 9.264908061757963651e+02 1.011359793800633156e+03
6.434302091598510742e+00 9.248428735667105229e+02 1.011359793800633156e+03
6.467683315277099609e+00 9.229306466551736321e+02 1.011359793800633156e+03
6.501681089401245117e+00 9.206813849675844494e+02 1.011359793800633156e+03
6.533382415771484375e+00 9.182929574144191065e+02 1.011359793800633156e+03
6.564263582229614258e+00 9.157229283630773580e+02 1.011359793800633156e+03
6.597749233245849609e+00 9.129744991332664767e+02 1.011359793800633156e+03
6.636664628982543945e+00 9.103027885161772019e+02 1.011359793800633156e+03
6.668733596801757812e+00 9.078229944113485317e+02 1.011359793800633156e+03
6.701926946640014648e+00 9.058034481726873537e+02 1.011359793800633156e+03
6.735661983489990234e+00 9.041661815969437157e+02 1.011359793800633156e+03
6.765699625015258789e+00 9.032933877599232346e+02 1.011359793800633156e+03
6.798853874206542969e+00 9.028832114534865241e+02 1.011359793800633156e+03
6.832284450531005859e+00 9.029899633578731937e+02 1.011359793800633156e+03
6.865665435791015625e+00 9.032232314358002441e+02 1.011359793800633156e+03
6.899654865264892578e+00 9.033603881439037195e+02 1.011359793800633156e+03
6.932485580444335938e+00 9.032935757790123716e+02 1.011359793800633156e+03
6.965845346450805664e+00 9.030646065371221312e+02 1.011359793800633156e+03
7.001627445220947266e+00 9.025864402417784049e+02 1.011359793800633156e+03
7.034873247146606445e+00 9.018038051144513929e+02 1.011359793800633156e+03
7.068085432052612305e+00 9.008362315027038676e+02 1.011359793800633156e+03
7.101614713668823242e+00 8.996182206223920730e+02 1.011359793800633156e+03
7.127690792083740234e+00 8.983740179077802850e+02 1.011359793800633156e+03
7.160472154617309570e+00 8.973364405351187543e+02 1.011359793800633156e+03
7.195727348327636719e+00 8.965920357464410699e+02 1.011359793800633156e+03
7.236059665679931641e+00 8.963210750208182844e+02 1.011359793800633156e+03
7.268883466720581055e+00 8.966458367128730060e+02 1.011359793800633156e+03
7.302570104598999023e+00 8.976318242901749045e+02 1.011359793800633156e+03
7.327027082443237305e+00 8.990020069157258149e+02 1.011359793800633156e+03
7.360092163085937500e+00 9.003524290707257478e+02 1.011359793800633156e+03
7.394066810607910156e+00 9.017212194498677036e+02 1.011359793800633156e+03
7.427247524261474609e+00 9.028317766297010394e+02 1.011359793800633156e+03
7.461725711822509766e+00 9.035928035079290339e+02 1.011359793800633156e+03
7.493976593017578125e+00 9.042271263685847771e+02 1.011359793800633156e+03
7.528594017028808594e+00 9.046205617083986681e+02 1.011359793800633156e+03
7.569179534912109375e+00 9.044498234462148503e+02 1.011359793800633156e+03
7.602195501327514648e+00 9.041847173948295904e+02 1.011359793800633156e+03
7.636307716369628906e+00 9.036824726281198537e+02 1.011359793800633156e+03
7.669320106506347656e+00 9.030937801965968674e+02 1.011359793800633156e+03
7.699262857437133789e+00 9.024902406569702862e+02 1.011359793800633156e+03
7.732954978942871094e+00 9.024286437454312590e+02 1.011359793800633156e+03
7.760598897933959961e+00 9.028305587876718619e+02 1.011359793800633156e+03
7.795089483261108398e+00 9.038172834544639045e+02 1.011359793800633156e+03
7.828442096710205078e+00 9.054563770127410862e+02 1.011359793800633156e+03
7.868644237518310547e+00 9.072551472481469546e+02 1.011359793800633156e+03
7.893353939056396484e+00 9.090940930303231653e+02 1.011359793800633156e+03
7.927901744842529297e+00 9.109807344204455148e+02 1.011359793800633156e+03
7.963745594024658203e+00 9.124159453782190212e+02 1.011359793800633156e+03
8.002182245254516602e+00 9.136031991864316524e+02 1.011359793800633156e+03
8.035831212997436523e+00 9.145573955683402119e+02 1.011359793800633156e+03
8.069972991943359375e+00 9.150347506016171337e+02 1.011359793800633156e+03
8.102494239807128906e+00 9.153068086296997308e+02 1.011359793800633156e+03
8.135524511337280273e+00 9.152047957705129875e+02 1.011359793800633156e+03
8.164654731750488281e+00 9.149204079508843961e+02 1.011359793800633156e+03
8.196157217025756836e+00 9.147551945672901184e+02 1.011359793800633156e+03
8.232941150665283203e+00 9.145902491921723367e+02 1.011359793800633156e+03
8.266767978668212891e+00 9.149486266847497973e+02 1.011359793800633156e+03
8.299803733825683594e+00 9.159032914852351723e+02 1.011359793800633156e+03
8.332385778427124023e+00 9.175190718852969667e+02 1.011359793800633156e+03
8.360214948654174805e+00 9.195719655429551267e+02 1.011359793800633156e+03
8.393538475036621094e+00 9.218563187092355520e+02 1.011359793800633156e+03
8.430163860321044922e+00 9.240438561767649617e+02 1.011359793800633156e+03
8.466619491577148438e+00 9.259906473391729378e+02 1.011359793800633156e+03
8.501951694488525391e+00 9.277651362714036622e+02 1.011359793800633156e+03
8.535141706466674805e+00 9.292427862201382140e+02 1.011359793800633156e+03
8.568560123443603516e+00 9.303148568807831680e+02 1.011359793800633156e+03
8.601565122604370117e+00 9.310852132547661313e+02 1.011359793800633156e+03
8.634985208511352539e+00 9.315200126714603357e+02 1.011359793800633156e+03
8.668179512023925781e+00 9.315988206513758314e+02 1.011359793800633156e+03
8.701582670211791992e+00 9.314045955448677887e+02 1.011359793800633156e+03
8.734663248062133789e+00 9.309606267096447709e+02 1.011359793800633156e+03
8.768081426620483398e+00 9.306893803788800597e+02 1.011359793800633156e+03
8.801446914672851562e+00 9.307387140016072635e+02 1.011359793800633156e+03
8.834465742111206055e+00 9.314727113121015236e+02 1.011359793800633156e+03
8.868328094482421875e+00 9.327115731609904969e+02 1.011359793800633156e+03
8.901651144027709961e+00 9.347387883127202031e+02 1.011359793800633156e+03
8.931707859039306641e+00 9.370922101577825742e+02 1.011359793800633156e+03
8.960572719573974609e+00 9.393604014383970480e+02 1.011359793800633156e+03
8.993893623352050781e+00 9.415206183463448042e+02 1.011359793800633156e+03
9.027732133865356445e+00 9.434477213957321737e+02 1.011359793800633156e+03
9.061508655548095703e+00 9.450582610349930519e+02 1.011359793800633156e+03
9.100311279296875000e+00 9.463367688106208107e+02 1.011359793800633156e+03
9.127255439758300781e+00 9.472696977856495550e+02 1.011359793800633156e+03
9.161367177963256836e+00 9.478479459619152294e+02 1.011359793800633156e+03
9.202403783798217773e+00 9.481181379000262268e+02 1.011359793800633156e+03
9.235292434692382812e+00 9.480839160894986435e+02 1.011359793800633156e+03
9.269544601440429688e+00 9.477532302702938978e+02 1.011359793800633156e+03
9.302857637405395508e+00 9.472317908725455027e+02 1.011359793800633156e+03
9.327416896820068359e+00 9.468370267635295932e+02 1.011359793800633156e+03
9.360452175140380859e+00 9.469654294824638328e+02 1.011359793800633156e+03
9.393507480621337891e+00 9.475634030519848920e+02 1.011359793800633156e+03
9.430765390396118164e+00 9.487661911235051093e+02 1.011359793800633156e+03
9.468004703521728516e+00 9.505516647490269406e+02 1.011359793800633156e+03
9.501151561737060547e+00 9.525174446986430894e+02 1.011359793800633156e+03
9.533250570297241211e+00 9.543233231142083923e+02 1.011359793800633156e+03
9.562713623046875000e+00 9.560357926674406599e+02 1.011359793800633156e+03
9.601098299026489258e+00 9.572373917465049544e+02 1.011359793800633156e+03
9.634773015975952148e+00 9.583441303084475749e+02 1.011359793800633156e+03
9.668145656585693359e+00 9.590218062986371024e+02 1.011359793800633156e+03
9.701190710067749023e+00 9.592737246363872146e+02 1.011359793800633156e+03
9.732128381729125977e+00 9.591029314286614635e+02 1.011359793800633156e+03
9.765129566192626953e+00 9.587647581282244573e+02 1.011359793800633156e+03
9.798161029815673828e+00 9.581969936080990919e+02 1.011359793800633156e+03
9.831959486007690430e+00 9.576829355804359238e+02 1.011359793800633156e+03
9.865361452102661133e+00 9.577262559430484998e+02 1.011359793800633156e+03
9.902108430862426758e+00 9.582722628612589233e+02 1.011359793800633156e+03
9.935614824295043945e+00 9.594485656816843857e+02 1.011359793800633156e+03
9.969685554504394531e+00 9.611486186386632653e+02 1.011359793800633156e+03
9.998971462249755859e+00 9.630059462267372510e+02 1.011359793800633156e+03
1.003303265571594238e+01 9.648850761229782620e+02 1.011359793800633156e+03
1.006614542007446289e+01 9.665309445490511280e+02 1.011359793800633156e+03
1.009900593757629395e+01 9.679034455712594536e+02 1.011359793800633156e+03
1.013303709030151367e+01 9.688612056789128246e+02 1.011359793800633156e+03
1.016033577919006348e+01 9.695373717063391723e+02 1.011359793800633156e+03
1.019396424293518066e+01 9.696797632319226068e+02 1.011359793800633156e+03
1.022879362106323242e+01 9.694878587832514540e+02 1.011359793800633156e+03
1.026627159118652344e+01 9.689382054824344550e+02 1.011359793800633156e+03
1.030058908462524414e+01 9.684226194066670814e+02 1.011359793800633156e+03
1.032857108116149902e+01 9.680688813672582000e+02 1.011359793800633156e+03
1.036037254333496094e+01 9.678039879220988269e+02 1.011359793800633156e+03
1.039339041709899902e+01 9.680869428193858539e+02 1.011359793800633156e+03
1.042689156532287598e+01 9.689124007432732242e+02 1.011359793800633156e+03
1.046821403503417969e+01 9.700951268917789321e+02 1.011359793800633156e+03
1.050187802314758301e+01 9.712877734032052786e+02 1.011359793800633156e+03
1.053166723251342773e+01 9.725870645093068561e+02 1.011359793800633156e+03
1.056521344184875488e+01 9.734020821089941364e+02 1.011359793800633156e+03
1.060063529014587402e+01 9.739748316663495871e+02 1.011359793800633156e+03
1.063375234603881836e+01 9.741405158248260250e+02 1.011359793800633156e+03
1.066736888885498047e+01 9.739067524191862049e+02 1.011359793800633156e+03
1.070157241821289062e+01 9.732340426060210348e+02 1.011359793800633156e+03
1.073484086990356445e+01 9.723960466587607243e+02 1.011359793800633156e+03
1.076749920845031738e+01 9.715945384662545621e+02 1.011359793800633156e+03
1.080037307739257812e+01 9.713230533122473389e+02 1.011359793800633156e+03
1.083423733711242676e+01 9.713553025843926889e+02 1.011359793800633156e+03
1.086748504638671875e+01 9.720854911186404479e+02 1.011359793800633156e+03
1.090058994293212891e+01 9.734982002468829023e+02 1.011359793800633156e+03
1.093403911590576172e+01 9.750656919568310741e+02 1.011359793800633156e+03
1.096714687347412109e+01 9.768594576431512451e+02 1.011359793800633156e+03
1.100022506713867188e+01 9.784515435108951351e+02 1.011359793800633156e+03
1.103422737121582031e+01 9.796300151562171550e+02 1.011359793800633156e+03
1.106692433357238770e+01 9.804018876822671018e+02 1.011359793800633156e+03
1.110086870193481445e+01 9.807045585340759999e+02 1.011359793800633156e+03
1.113448309898376465e+01 9.806124295000302027e+02 1.011359793800633156e+03
1.116750907897949219e+01 9.799895671315437085e+02 1.011359793800633156e+03
1.120056819915771484e+01 9.790789277756424553e+02 1.011359793800633156e+03
1.123433661460876465e+01 9.780545875305770096e+02 1.011359793800633156e+03
1.126749682426452637e+01 9.772919042933916671e+02 1.011359793800633156e+03
1.130017495155334473e+01 9.768800042187185682e+02 1.011359793800633156e+03
1.133345055580139160e+01 9.771098632425429287e+02 1.011359793800633156e+03
1.136083388328552246e+01 9.778599205515688482e+02 1.011359793800633156e+03
1.139491796493530273e+01 9.792227286830061530e+02 1.011359793800633156e+03
1.142642784118652344e+01 9.808534240883274151e+02 1.011359793800633156e+03
1.146776556968688965e+01 9.822175450537307597e+02 1.011359793800633156e+03
1.150093483924865723e+01 9.835327012305458538e+02 1.011359793800633156e+03
1.152964806556701660e+01 9.843691527388276654e+02 1.011359793800633156e+03
1.156262707710266113e+01 9.846198178545206474e+02 1.011359793800633156e+03
1.160213661193847656e+01 9.844042482120154318e+02 1.011359793800633156e+03
1.163573050498962402e+01 9.836689597564604810e+02 1.011359793800633156e+03
1.166914916038513184e+01 9.827845902430699425e+02 1.011359793800633156e+03
1.169750094413757324e+01 9.817321951440528665e+02 1.011359793800633156e+03
1.172931957244873047e+01 9.810435386202000245e+02 1.011359793800633156e+03
1.176344585418701172e+01 9.808323435337561023e+02 1.011359793800633156e+03
1.179770708084106445e+01 9.812683574139005032e+02 1.011359793800633156e+03
1.183310651779174805e+01 9.822671613395750683e+02 1.011359793800633156e+03
1.186685228347778320e+01 9.838282344308466918e+02 1.011359793800633156e+03
1.189978742599487305e+01 9.857878276503726056e+02 1.011359793800633156e+03
1.193392968177795410e+01 9.875309386288143969e+02 1.011359793800633156e+03
1.196770572662353516e+01 9.891757868822243154e+02 1.011359793800633156e+03
1.200009465217590332e+01 9.904327822414419416e+02 1.011359793800633156e+03
1.203335595130920410e+01 9.912977634776386822e+02 1.011359793800633156e+03
1.206677746772766113e+01 9.916471110603273473e+02 1.011359793800633156e+03
1.209993886947631836e+01 9.915302180756574444e+02 1.011359793800633156e+03
1.213335490226745605e+01 9.911713514823109108e+02 1.011359793800633156e+03
1.216688537597656250e+01 9.903798373766404666e+02 1.011359793800633156e+03
1.219742918014526367e+01 9.895047914621201244e+02 1.011359793800633156e+03
1.223445892333984375e+01 9.887144836542559005e+02 1.011359793800633156e+03
1.226817226409912109e+01 9.883712751394971292e+02 1.011359793800633156e+03
1.230138349533081055e+01 9.887885220072464563e+02 1.011359793800633156e+03
1.233333754539489746e+01 9.898445853543099702e+02 1.011359793800633156e+03
1.236028337478637695e+01 9.915051351241263546e+02 1.011359793800633156e+03
1.239355373382568359e+01 9.934669189363628448e+02 1.011359793800633156e+03
1.242708301544189453e+01 9.954623911480625793e+02 1.011359793800633156e+03
1.246718287467956543e+01 9.973424884892737055e+02 1.011359793800633156e+03
1.250140452384948730e+01 9.987714216055279621e+02 1.011359793800633156e+03
1.253154206275939941e+01 1.000117904714301972e+03 1.011359793800633156e+03
1.256242299079895020e+01 1.000816292825670871e+03 1.011359793800633156e+03
1.260045719146728516e+01 1.001137736606033172e+03 1.011359793800633156e+03
1.263535308837890625e+01 1.001198919905647926e+03 1.011359793800633156e+03
1.266860389709472656e+01 1.000797943972860935e+03 1.011359793800633156e+03
1.270170283317565918e+01 1.000051455441044368e+03 1.011359793800633156e+03
1.273465847969055176e+01 9.990250943727372714e+02 1.011359793800633156e+03
1.276819467544555664e+01 9.980345130629549431e+02 1.011359793800633156e+03
1.280110001564025879e+01 9.974386949034324061e+02 1.011359793800633156e+03
1.283507752418518066e+01 9.973368015558152138e+02 1.011359793800633156e+03
1.286794638633728027e+01 9.978538844597434263e+02 1.011359793800633156e+03
1.290134572982788086e+01 9.991913747925080997e+02 1.011359793800633156e+03
1.293470454216003418e+01 1.000927791305318692e+03 1.011359793800633156e+03
1.296828222274780273e+01 1.002754345062262928e+03 1.011359793800633156e+03
1.300175952911376953e+01 1.004578480691357527e+03 1.011359793800633156e+03
1.303518319129943848e+01 1.005991504482022151e+03 1.011359793800633156e+03
1.306799435615539551e+01 1.007170568739209102e+03 1.011359793800633156e+03
1.310218644142150879e+01 1.008018673695420148e+03 1.011359793800633156e+03
1.313533329963684082e+01 1.008497445627783918e+03 1.011359793800633156e+03
1.316535806655883789e+01 1.008500144298892110e+03 1.011359793800633156e+03
1.319400596618652344e+01 1.008183679277503529e+03 1.011359793800633156e+03
1.322807693481445312e+01 1.007601835897133356e+03 1.011359793800633156e+03
1.326635432243347168e+01 1.006636312320632669e+03 1.011359793800633156e+03
1.330034327507019043e+01 1.005644623285204489e+03 1.011359793800633156e+03
1.333372783660888672e+01 1.004790930887796321e+03 1.011359793800633156e+03
1.336012840270996094e+01 1.003997941584369300e+03 1.011359793800633156e+03
1.339468526840209961e+01 1.003727557536931045e+03 1.011359793800633156e+03
1.342668175697326660e+01 1.003902705383465786e+03 1.011359793800633156e+03
1.346754884719848633e+01 1.004764040933469232e+03 1.011359793800633156e+03
1.350127196311950684e+01 1.005662659789835175e+03 1.011359793800633156e+03
1.353164649009704590e+01 1.006783628150345407e+03 1.011359793800633156e+03
1.356315565109252930e+01 1.007354704078943769e+03 1.011359793800633156e+03
1.360284328460693359e+01 1.007846172004729965e+03 1.011359793800633156e+03
1.363603305816650391e+01 1.007905539065380367e+03 1.011359793800633156e+03
1.366607809066772461e+01 1.007517776779502356e+03 1.011359793800633156e+03
1.369923162460327148e+01 1.006742266910179637e+03 1.011359793800633156e+03
1.373303937911987305e+01 1.005703185047514239e+03 1.011359793800633156e+03
1.376593565940856934e+01 1.004370919588652100e+03 1.011359793800633156e+03
1.379884958267211914e+01 1.003192570884940665e+03 1.011359793800633156e+03
1.383255076408386230e+01 1.002243884922178950e+03 1.011359793800633156e+03
1.386585450172424316e+01 1.001860121484469232e+03 1.011359793800633156e+03
1.389918351173400879e+01 1.002246686681529809e+03 1.011359793800633156e+03
1.393236899375915527e+01 1.003305254081463431e+03 1.011359793800633156e+03
1.396564245223999023e+01 1.004794137585867475e+03 1.011359793800633156e+03
1.399912834167480469e+01 1.006277953611990711e+03 1.011359793800633156e+03
1.403317403793334961e+01 1.007677360127100087e+03 1.011359793800633156e+03
1.406594157218933105e+01 1.008850210192571126e+03 1.011359793800633156e+03
1.410021996498107910e+01 1.009545288322239685e+03 1.011359793800633156e+03
1.413229489326477051e+01 1.009851529907411077e+03 1.011359793800633156e+03
1.416568660736083984e+01 1.009695510623564246e+03 1.011359793800633156e+03
1.419368124008178711e+01 1.009231118534889561e+03 1.011359793800633156e+03
1.422902584075927734e+01 1.008311590625736699e+03 1.011359793800633156e+03
1.426342105865478516e+01 1.007174621070789840e+03 1.011359793800633156e+03
1.430098128318786621e+01 1.005721531046179621e+03 1.011359793800633156e+03
1.433455944061279297e+01 1.004674685226529959e+03 1.011359793800633156e+03
1.436023092269897461e+01 1.004147151599903282e+03 1.011359793800633156e+03
1.439331150054931641e+01 1.004019678970697100e+03 1.011359793800633156e+03
1.442688775062561035e+01 1.004559259049826437e+03 1.011359793800633156e+03
1.446702098846435547e+01 1.005433965701929765e+03 1.011359793800633156e+03
1.450145673751831055e+01 1.006458580646161749e+03 1.011359793800633156e+03
1.453055477142333984e+01 1.007565807737627097e+03 1.011359793800633156e+03
1.456347966194152832e+01 1.008455925364032055e+03 1.011359793800633156e+03
1.459995460510253906e+01 1.008935173093976459e+03 1.011359793800633156e+03
1.463313436508178711e+01 1.008823945241210367e+03 1.011359793800633156e+03
1.466676592826843262e+01 1.008385604393606172e+03 1.011359793800633156e+03
1.469984173774719238e+01 1.007642985508988772e+03 1.011359793800633156e+03
1.473273348808288574e+01 1.006206341445781050e+03 1.011359793800633156e+03
1.476730298995971680e+01 1.004838668440600031e+03 1.011359793800633156e+03
1.480018973350524902e+01 1.003460115867438162e+03 1.011359793800633156e+03
1.483368682861328125e+01 1.002625155184721962e+03 1.011359793800633156e+03
1.486663913726806641e+01 1.002176185764728871e+03 1.011359793800633156e+03
1.490041136741638184e+01 1.002466158094273737e+03 1.011359793800633156e+03
1.493348407745361328e+01 1.003281282241421536e+03 1.011359793800633156e+03
1.496689820289611816e+01 1.004638409427505621e+03 1.011359793800633156e+03
1.500017189979553223e+01 1.005854099327739846e+03 1.011359793800633156e+03
1.503348278999328613e+01 1.007111961023701042e+03 1.011359793800633156e+03
1.506649589538574219e+01 1.007993837008286732e+03 1.011359793800633156e+03
1.510040211677551270e+01 1.008468846833514704e+03 1.011359793800633156e+03
1.513357400894165039e+01 1.008402344918878384e+03 1.011359793800633156e+03
1.516672730445861816e+01 1.007869885085294072e+03 1.011359793800633156e+03
1.520033073425292969e+01 1.006875860354951328e+03 1.011359793800633156e+03
1.523298883438110352e+01 1.005543789109799150e+03 1.011359793800633156e+03
1.526645493507385254e+01 1.004112429615103906e+03 1.011359793800633156e+03
1.530046677589416504e+01 1.002793720407339720e+03 1.011359793800633156e+03
1.533381152153015137e+01 1.002040659074051632e+03 1.011359793800633156e+03
1.536007308959960938e+01 1.001795070837785033e+03 1.011359793800633156e+03
1.539338970184326172e+01 1.002089961455789535e+03 1.011359793800633156e+03
1.542682099342346191e+01 1.003027510656008644e+03 1.011359793800633156e+03
1.546746516227722168e+01 1.004532850744790494e+03 1.011359793800633156e+03
1.550108265876770020e+01 1.005849183447374116e+03 1.011359793800633156e+03
1.553024792671203613e+01 1.007007040430806228e+03 1.011359793800633156e+03
1.556243443489074707e+01 1.007875989089760083e+03 1.011359793800633156e+03
1.560057449340820312e+01 1.008280910381780473e+03 1.011359793800633156e+03
1.563543438911437988e+01 1.008276883829504527e+03 1.011359793800633156e+03
1.566803216934204102e+01 1.007665823001930676e+03 1.011359793800633156e+03
1.570125889778137207e+01 1.006609626393165513e+03 1.011359793800633156e+03
1.573559737205505371e+01 1.005320254415572776e+03 1.011359793800633156e+03
1.576493310928344727e+01 1.003824601636331863e+03 1.011359793800633156e+03
1.579848146438598633e+01 1.002615437063830427e+03 1.011359793800633156e+03
1.583208012580871582e+01 1.001869197276889281e+03 1.011359793800633156e+03
1.586564540863037109e+01 1.001777306987031807e+03 1.011359793800633156e+03
1.590033102035522461e+01 1.002287163487321436e+03 1.011359793800633156e+03
1.593378090858459473e+01 1.003513076973303669e+03 1.011359793800633156e+03
1.596731495857238770e+01 1.005055097543816146e+03 1.011359793800633156e+03
1.600111603736877441e+01 1.006651951030306691e+03 1.011359793800633156e+03
1.603404808044433594e+01 1.008081507763102991e+03 1.011359793800633156e+03
1.606756162643432617e+01 1.009126367104521592e+03 1.011359793800633156e+03
1.610065960884094238e+01 1.009760315195634576e+03 1.011359793800633156e+03
1.613421559333801270e+01 1.009959241318572253e+03 1.011359793800633156e+03
1.616733431816101074e+01 1.009689457723611554e+03 1.011359793800633156e+03
1.619406223297119141e+01 1.008994846863537077e+03 1.011359793800633156e+03
1.623011159896850586e+01 1.007802787533415653e+03 1.011359793800633156e+03
1.626879453659057617e+01 1.006573695446810575e+03 1.011359793800633156e+03
1.630198478698730469e+01 1.005404475848622042e+03 1.011359793800633156e+03
1.633563613891601562e+01 1.004530849293283723e+03 1.011359793800633156e+03
1.636003279685974121e+01 1.004288572493445145e+03 1.011359793800633156e+03
1.639338231086730957e+01 1.004701666365691040e+03 1.011359793800633156e+03
1.642680954933166504e+01 1.005754826703118511e+03 1.011359793800633156e+03
1.646693491935729980e+01 1.007065019620000726e+03 1.011359793800633156e+03
1.650096535682678223e+01 1.008526441219385219e+03 1.011359793800633156e+03
1.653063941001892090e+01 1.009745177119424739e+03 1.011359793800633156e+03
1.656296110153198242e+01 1.010603409558039061e+03 1.011359793800633156e+03
1.659996891021728516e+01 1.011064172330321185e+03 1.011359793800633156e+03
1.663436055183410645e+01 1.011095642070603731e+03 1.011359793800633156e+03
1.666815018653869629e+01 1.010531748522950579e+03 1.011359793800633156e+03
1.670108580589294434e+01 1.009778364769281893e+03 1.011359793800633156e+03
1.673241257667541504e+01 1.008485415084274109e+03 1.011359793800633156e+03
1.676039862632751465e+01 1.007156506008725842e+03 1.011359793800633156e+03
1.679461908340454102e+01 1.006123723496328012e+03 1.011359793800633156e+03
1.683545637130737305e+01 1.005412570821110535e+03 1.011359793800633156e+03
1.686886811256408691e+01 1.005457426129574401e+03 1.011359793800633156e+03
1.689917683601379395e+01 1.006060881672711389e+03 1.011359793800633156e+03
1.693286514282226562e+01 1.007319167670860338e+03 1.011359793800633156e+03
1.696608901023864746e+01 1.008966099062228636e+03 1.011359793800633156e+03
1.699921417236328125e+01 1.010584867580750029e+03 1.011359793800633156e+03
1.703265500068664551e+01 1.012114887400944440e+03 1.011359793800633156e+03
1.706682991981506348e+01 1.013312110047067335e+03 1.011359793800633156e+03
1.709944581985473633e+01 1.014087206725182455e+03 1.011359793800633156e+03
1.713253498077392578e+01 1.014166097727230181e+03 1.011359793800633156e+03
1.716572904586791992e+01 1.014284268182692017e+03 1.011359793800633156e+03
1.719902157783508301e+01 1.013853794108386523e+03 1.011359793800633156e+03
1.723316478729248047e+01 1.012899721568069594e+03 1.011359793800633156e+03
1.726635694503784180e+01 1.011599626600198690e+03 1.011359793800633156e+03
1.729986667633056641e+01 1.010249370635171772e+03 1.011359793800633156e+03
1.733272910118103027e+01 1.009086578657064479e+03 1.011359793800633156e+03
1.735990715026855469e+01 1.008237265307822668e+03 1.011359793800633156e+03
1.739345598220825195e+01 1.008175069389995883e+03 1.011359793800633156e+03
1.742669391632080078e+01 1.008824165192755800e+03 1.011359793800633156e+03
1.746735334396362305e+01 1.010249615607152123e+03 1.011359793800633156e+03
1.749756789207458496e+01 1.011889869384896429e+03 1.011359793800633156e+03
1.752814817428588867e+01 1.013565381918656271e+03 1.011359793800633156e+03
1.756308960914611816e+01 1.015080874257953496e+03 1.011359793800633156e+03
1.760183310508728027e+01 1.016374947454270796e+03 1.011359793800633156e+03
1.763596630096435547e+01 1.017204092384883552e+03 1.011359793800633156e+03
1.766933155059814453e+01 1.017724799892493138e+03 1.011359793800633156e+03
1.770221018791198730e+01 1.017774355965822679e+03 1.011359793800633156e+03
1.773679327964782715e+01 1.017444702794804812e+03 1.011359793800633156e+03
1.776603293418884277e+01 1.016708643891105112e+03 1.011359793800633156e+03
1.779922437667846680e+01 1.015538578837181376e+03 1.011359793800633156e+03
1.783283090591430664e+01 1.014248622473025648e+03 1.011359793800633156e+03
1.786593651771545410e+01 1.013077277077367057e+03 1.011359793800633156e+03
1.789931750297546387e+01 1.011967334927120532e+03 1.011359793800633156e+03
1.793427968025207520e+01 1.011541416036222699e+03 1.011359793800633156e+03
1.796851205825805664e+01 1.011674236675552379e+03 1.011359793800633156e+03
1.800125122070312500e+01 1.012443437907570683e+03 1.011359793800633156e+03
1.803468704223632812e+01 1.013632749259378670e+03 1.011359793800633156e+03
1.806846094131469727e+01 1.014985505469657483e+03 1.011359793800633156e+03
1.809930300712585449e+01 1.016108597527008442e+03 1.011359793800633156e+03
1.812730336189270020e+01 1.017118296739897119e+03 1.011359793800633156e+03
1.816891169548034668e+01 1.017772895698419006e+03 1.011359793800633156e+03
1.819801139831542969e+01 1.018005476902819964e+03 1.011359793800633156e+03
1.822907710075378418e+01 1.017798508284910213e+03 1.011359793800633156e+03
1.826832747459411621e+01 1.017326875681153865e+03 1.011359793800633156e+03
1.830291676521301270e+01 1.016574286326727020e+03 1.011359793800633156e+03
1.833607244491577148e+01 1.015307911249898439e+03 1.011359793800633156e+03
1.836446666717529297e+01 1.013871123539007954e+03 1.011359793800633156e+03
1.839321756362915039e+01 1.012489094922488334e+03 1.011359793800633156e+03
1.842705130577087402e+01 1.011294078664070867e+03 1.011359793800633156e+03
1.846005272865295410e+01 1.010765864142549049e+03 1.011359793800633156e+03
1.850030136108398438e+01 1.010874819010675424e+03 1.011359793800633156e+03
1.853106522560119629e+01 1.011681517009898016e+03 1.011359793800633156e+03
1.856795811653137207e+01 1.012864235187402187e+03 1.011359793800633156e+03
1.860135316848754883e+01 1.014372135115656533e+03 1.011359793800633156e+03
1.863471198081970215e+01 1.015758201647150258e+03 1.011359793800633156e+03
1.866795253753662109e+01 1.016924149315767863e+03 1.011359793800633156e+03
1.870171427726745605e+01 1.017595306626087449e+03 1.011359793800633156e+03
1.873524498939514160e+01 1.017987546661848114e+03 1.011359793800633156e+03
1.876574444770812988e+01 1.018126445691895015e+03 1.011359793800633156e+03
1.879829502105712891e+01 1.017767814348231582e+03 1.011359793800633156e+03
1.883485555648803711e+01 1.017275773673430876e+03 1.011359793800633156e+03
1.886721944808959961e+01 1.016341769103241745e+03 1.011359793800633156e+03
1.889798188209533691e+01 1.015126498065588748e+03 1.011359793800633156e+03
1.893107366561889648e+01 1.013925548771983358e+03 1.011359793800633156e+03
1.896807670593261719e+01 1.012703426496625525e+03 1.011359793800633156e+03
1.900270581245422363e+01 1.012195197104677845e+03 1.011359793800633156e+03
1.903703951835632324e+01 1.012148873661379525e+03 1.011359793800633156e+03
1.906950283050537109e+01 1.012753003670893008e+03 1.011359793800633156e+03
1.910282993316650391e+01 1.013791440369610314e+03 1.011359793800633156e+03
1.913553380966186523e+01 1.015150459351119252e+03 1.011359793800633156e+03
1.916925930976867676e+01 1.016502812445232280e+03 1.011359793800633156e+03
1.919725608825683594e+01 1.017721112495277907e+03 1.011359793800633156e+03
1.923064088821411133e+01 1.018597989409681986e+03 1.011359793800633156e+03
1.926473665237426758e+01 1.019192365734883992e+03 1.011359793800633156e+03
1.930229377746582031e+01 1.019707935650921286e+03 1.011359793800633156e+03
1.933566188812255859e+01 1.019812151344234621e+03 1.011359793800633156e+03
1.936271619796752930e+01 1.019586596760988868e+03 1.011359793800633156e+03
1.939375901222229004e+01 1.019112393173025225e+03 1.011359793800633156e+03
1.942672443389892578e+01 1.018350554893983031e+03 1.011359793800633156e+03
1.946322131156921387e+01 1.017369833187860763e+03 1.011359793800633156e+03
1.950115823745727539e+01 1.016240366183035235e+03 1.011359793800633156e+03
1.953054237365722656e+01 1.015156206378290108e+03 1.011359793800633156e+03
1.956034874916076660e+01 1.014469397289675157e+03 1.011359793800633156e+03
1.959400177001953125e+01 1.014042748850489943e+03 1.011359793800633156e+03
1.962859511375427246e+01 1.013998283435553617e+03 1.011359793800633156e+03
1.967000269889831543e+01 1.014643729452358002e+03 1.011359793800633156e+03
1.970247459411621094e+01 1.015333633967532023e+03 1.011359793800633156e+03
1.973578000068664551e+01 1.016132102652502113e+03 1.011359793800633156e+03
1.976178336143493652e+01 1.016884011307019705e+03 1.011359793800633156e+03
1.979480099678039551e+01 1.017442276441222361e+03 1.011359793800633156e+03
1.982916641235351562e+01 1.017725913946417222e+03 1.011359793800633156e+03
1.986896347999572754e+01 1.017846798458921626e+03 1.011359793800633156e+03
1.990287804603576660e+01 1.017577461247508495e+03 1.011359793800633156e+03
1.993577957153320312e+01 1.016958924107925213e+03 1.011359793800633156e+03
1.996585655212402344e+01 1.016125911517816348e+03 1.011359793800633156e+03
1.999896025657653809e+01 1.015141552798526845e+03 1.011359793800633156e+03
2.003229522705078125e+01 1.014056626614657034e+03 2.113597938006331560e+02
2.006663179397583008e+01 1.013174591565059927e+03 2.113597938006331560e+02
2.010139179229736328e+01 1.012514009694338711e+03 2.113597938006331560e+02
2.013553500175476074e+01 1.011980228801375802e+03 2.113597938006331560e+02
2.016779899597167969e+01 1.011309390697739104e+03 2.113597938006331560e+02
2.020145082473754883e+01 1.010623015261636738e+03 2.113597938006331560e+02
2.023177313804626465e+01 1.009695235271549450e+03 2.113597938006331560e+02
2.026720285415649414e+01 1.008497805005876103e+03 2.113597938006331560e+02
2.030059623718261719e+01 1.007135363376180862e+03 2.113597938006331560e+02
2.033391523361206055e+01 1.005436776617549413e+03 2.113597938006331560e+02
2.036634469032287598e+01 1.003622486082477849e+03 2.113597938006331560e+02
2.039456295967102051e+01 1.001379147379708684e+03 2.113597938006331560e+02
2.042669987678527832e+01 9.989098124878292992e+02 2.113597938006331560e+02
2.046308708190917969e+01 9.962486425535000762e+02 2.113597938006331560e+02
2.050086712837219238e+01 9.932901276986254970e+02 2.113597938006331560e+02
2.052891635894775391e+01 9.901557765815446146e+02 2.113597938006331560e+02
2.056150460243225098e+01 9.867567179613040480e+02 2.113597938006331560e+02
2.059391212463378906e+01 9.832093915060274867e+02 2.113597938006331560e+02
2.062827801704406738e+01 9.793459535819441726e+02 2.113597938006331560e+02
2.066919469833374023e+01 9.753834702506712802e+02 2.113597938006331560e+02
2.070210623741149902e+01 9.710301671820720912e+02 2.113597938006331560e+02
2.073539209365844727e+01 9.663997849575084729e+02 2.113597938006331560e+02
2.076921248435974121e+01 9.617173711627857529e+02 2.113597938006331560e+02
2.079953122138977051e+01 9.566549753390901287e+02 2.113597938006331560e+02
2.083279824256896973e+01 9.513682552216840804e+02 2.113597938006331560e+02
2.086630702018737793e+01 9.459868125010737003e+02 2.113597938006331560e+02
2.090088939666748047e+01 9.401285667892619813e+02 2.113597938006331560e+02
2.093440032005310059e+01 9.340686452683867174e+02 2.113597938006331560e+02
2.096809720993041992e+01 9.277477144042229611e+02 2.113597938006331560e+02
2.100146269798278809e+01 9.210159963070194635e+02 2.113597938006331560e+02
2.103483104705810547e+01 9.142687825819684804e+02 2.113597938006331560e+02
2.106797122955322266e+01 9.069895675111170021e+02 2.113597938006331560e+02
2.110235452651977539e+01 8.994400959146061041e+02 2.113597938006331560e+02
2.113448762893676758e+01 8.915333619739460573e+02 2.113597938006331560e+02
2.116819715499877930e+01 8.835384523515864430e+02 2.113597938006331560e+02
2.120012688636779785e+01 8.749534086716223555e+02 2.113597938006331560e+02
2.123047089576721191e+01 8.660942211129298585e+02 2.113597938006331560e+02
2.126834821701049805e+01 8.570283811805284131e+02 2.113597938006331560e+02
2.130201578140258789e+01 8.475414697111646092e+02 2.113597938006331560e+02
2.133588314056396484e+01 8.377042402932156619e+02 2.113597938006331560e+02
2.136033320426940918e+01 8.275125776230926249e+02 2.113597938006331560e+02
2.139345574378967285e+01 8.170854336101111812e+02 2.113597938006331560e+02
2.142749643325805664e+01 8.061576608746471493e+02 2.113597938006331560e+02
2.146023488044738770e+01 7.949548700825577043e+02 2.113597938006331560e+02
2.149408340454101562e+01 7.833341854726779729e+02 2.113597938006331560e+02
2.153253984451293945e+01 7.713772888861519732e+02 2.113597938006331560e+02
2.156387758255004883e+01 7.590956939457070121e+02 2.113597938006331560e+02
2.160029864311218262e+01 7.464223706911127465e+02 2.113597938006331560e+02
2.163421773910522461e+01 7.333363667003986848e+02 2.113597938006331560e+02
2.166796255111694336e+01 7.199911806805644119e+02 2.113597938006331560e+02
2.170118951797485352e+01 7.062140779265725996e+02 2.113597938006331560e+02
2.173373651504516602e+01 6.921230103743017708e+02 2.113597938006331560e+02
2.176734709739685059e+01 6.777843435238002030e+02 2.113597938006331560e+02
2.179774451255798340e+01 6.629643680959170524e+02 2.113597938006331560e+02
2.183111500740051270e+01 6.479358222507951268e+02 2.113597938006331560e+02
2.186885666847229004e+01 6.325587718560841495e+02 2.113597938006331560e+02
2.190217685699462891e+01 6.169391199977126234e+02 2.113597938006331560e+02
2.193534445762634277e+01 6.010902981672554688e+02 2.113597938006331560e+02
2.197004485130310059e+01 5.848192980045728291e+02 2.113597938006331560e+02
2.199925613403320312e+01 5.684133759259003682e+02 2.113597938006331560e+02
2.203247189521789551e+01 5.519110989169878394e+02 2.113597938006331560e+02
2.206578660011291504e+01 5.351273254145670535e+02 2.113597938006331560e+02
2.210013556480407715e+01 5.184150638719053177e+02 2.113597938006331560e+02
2.213233542442321777e+01 5.015406345409130608e+02 2.113597938006331560e+02
2.216575360298156738e+01 4.845772175385920377e+02 2.113597938006331560e+02
2.219945812225341797e+01 4.677706309166647998e+02 2.113597938006331560e+02
2.222768926620483398e+01 4.509188938333600163e+02 2.113597938006331560e+02
2.226267409324645996e+01 4.339957507102283785e+02 2.113597938006331560e+02
2.230241274833679199e+01 4.170657993821562854e+02 2.113597938006331560e+02
2.233495211601257324e+01 4.002532366416463105e+02 2.113597938006331560e+02
2.236408615112304688e+01 3.832635819815650962e+02 2.113597938006331560e+02
2.239323401451110840e+01 3.665615769576495495e+02 2.113597938006331560e+02
2.242647647857666016e+01 3.496923880833262501e+02 2.113597938006331560e+02
2.246058464050292969e+01 3.330442867350901111e+02 2.113597938006331560e+02
2.249966883659362793e+01 3.164888312045490011e+02 2.113597938006331560e+02
2.253192067146301270e+01 3.001632314396018160e+02 2.113597938006331560e+02
2.256472897529602051e+01 2.837068508837886611e+02 2.113597938006331560e+02
2.259901857376098633e+01 2.673705949204738204e+02 2.113597938006331560e+02
2.263311910629272461e+01 2.511174781440451511e+02 2.113597938006331560e+02
2.266493797302246094e+01 2.348414740566404078e+02 2.113597938006331560e+02
2.269821381568908691e+01 2.187315727582434590e+02 2.113597938006331560e+02
2.273338341712951660e+01 2.027354908293268068e+02 2.113597938006331560e+02
2.276760554313659668e+01 1.867056608014937922e+02 2.113597938006331560e+02
2.280003547668457031e+01 1.705035858194156049e+02 2.113597938006331560e+02
2.283091449737548828e+01 1.543724163248447212e+02 2.113597938006331560e+02
2.286603093147277832e+01 1.384498768436307614e+02 2.113597938006331560e+02
2.289969205856323242e+01 1.225292735286223689e+02 2.113597938006331560e+02
2.293311142921447754e+01 1.065244952278040813e+02 2.113597938006331560e+02
2.296598553657531738e+01 9.075884566278968180e+01 2.113597938006331560e+02
2.299972081184387207e+01 7.516207123417581215e+01 2.113597938006331560e+02
2.303305578231811523e+01 5.983992957823608805e+01 2.113597938006331560e+02
2.306603121757507324e+01 4.488122395182800517e+01 2.113597938006331560e+02
2.309966015815734863e+01 3.068241058981711333e+01 2.113597938006331560e+02
2.313283467292785645e+01 1.727945411457455194e+01 2.113597938006331560e+02
2.316592454910278320e+01 1.117785111476844762e+01 2.113597938006331560e+02
2.319967889785766602e+01 1.852343599420839837e+01 2.113597938006331560e+02
2.323282313346862793e+01 2.718235544105676738e+01 2.113597938006331560e+02
2.326665258407592773e+01 3.654010998321706438e+01 2.113597938006331560e+02
2.329916715621948242e+01 4.643724592546960395e+01 2.113597938006331560e+02
2.333252334594726562e+01 5.662739008620332726e+01 2.113597938006331560e+02
2.336620187759399414e+01 6.687846282492699856e+01 2.113597938006331560e+02
2.339355945587158203e+01 7.722682700833530589e+01 2.113597938006331560e+02
2.342784762382507324e+01 8.747188358283328569e+01 2.113597938006331560e+02
2.346340560913085938e+01 9.775975547431329460e+01 2.113597938006331560e+02
2.349916315078735352e+01 1.077759175876139892e+02 2.113597938006331560e+02
2.352999734878540039e+01 1.177938005991640580e+02 2.113597938006331560e+02
2.356504344940185547e+01 1.275710683330189710e+02 2.113597938006331560e+02
2.359441518783569336e+01 1.372485843238355585e+02 2.113597938006331560e+02
2.362784051895141602e+01 1.467974127449208197e+02 2.113597938006331560e+02
2.366361474990844727e+01 1.560861280341031829e+02 2.113597938006331560e+02
2.370155596733093262e+01 1.653875825843912253e+02 2.113597938006331560e+02
2.373539614677429199e+01 1.742703617009776167e+02 2.113597938006331560e+02
2.376841473579406738e+01 1.832096205700568419e+02 2.113597938006331560e+02
2.380165147781372070e+01 1.917428408066007819e+02 2.113597938006331560e+02
2.383613991737365723e+01 2.002493163893321935e+02 2.113597938006331560e+02
2.386854577064514160e+01 2.084003875916693858e+02 2.113597938006331560e+02
2.389751482009887695e+01 2.165262851082084694e+02 2.113597938006331560e+02
2.393056464195251465e+01 2.245219663271829234e+02 2.113597938006331560e+02
2.396732831001281738e+01 2.324351825491290526e+02 2.113597938006331560e+02
2.400267648696899414e+01 2.401494534448556237e+02 2.113597938006331560e+02
2.403256559371948242e+01 2.477355111894588617e+02 2.113597938006331560e+02
2.406579685211181641e+01 2.551439747827691349e+02 2.113597938006331560e+02
2.409885883331298828e+01 2.625226270426882138e+02 2.113597938006331560e+02
2.413239312171936035e+01 2.699377488069049491e+02 2.113597938006331560e+02
2.416538310050964355e+01 2.770631143327228187e+02 2.113597938006331560e+02
2.419800472259521484e+01 2.838193518611270747e+02 2.113597938006331560e+02
2.422762060165405273e+01 2.908689416950778650e+02 2.113597938006331560e+02
2.426552224159240723e+01 2.975002906541549805e+02 2.113597938006331560e+02
2.429339838027954102e+01 3.042010047170348912e+02 2.113597938006331560e+02
2.432725739479064941e+01 3.107432057469819142e+02 2.113597938006331560e+02
2.436140275001525879e+01 3.169043051479432052e+02 2.113597938006331560e+02
2.439341163635253906e+01 3.234125055308201695e+02 2.113597938006331560e+02
2.442681837081909180e+01 3.294185011964850673e+02 2.113597938006331560e+02
2.446046328544616699e+01 3.355071055493988297e+02 2.113597938006331560e+02
2.449355983734130859e+01 3.413534990264326439e+02 2.113597938006331560e+02
2.453042912483215332e+01 3.470652660881401061e+02 2.113597938006331560e+02
2.456367468833923340e+01 3.528315219407223253e+02 2.113597938006331560e+02
2.460295820236206055e+01 3.584166200312620845e+02 2.113597938006331560e+02
2.463617300987243652e+01 3.636838130224730889e+02 2.113597938006331560e+02
2.466892576217651367e+01 3.689502765176484900e+02 2.113597938006331560e+02
2.469900774955749512e+01 3.739416442771811262e+02 2.113597938006331560e+02
2.473242115974426270e+01 3.788647160585318261e+02 2.113597938006331560e+02
2.476582813262939453e+01 3.833438810355664828e+02 2.113597938006331560e+02
2.479957342147827148e+01 3.878053069592701831e+02 2.113597938006331560e+02
2.483232140541076660e+01 3.919204401667928437e+02 2.113597938006331560e+02
2.486583614349365234e+01 3.959612080520299173e+02 2.113597938006331560e+02
2.490015053749084473e+01 3.995471738814890159e+02 2.113597938006331560e+02
2.493278431892395020e+01 4.029732532220553480e+02 2.113597938006331560e+02
2.496584057807922363e+01 4.061583242559096902e+02 2.113597938006331560e+02
2.499897670745849609e+01 4.091377901760453710e+02 2.113597938006331560e+02
2.503305840492248535e+01 4.118241796707127378e+02 2.113597938006331560e+02
2.506621170043945312e+01 4.142688005592107174e+02 2.113597938006331560e+02
2.509914040565490723e+01 4.164390655938926784e+02 2.113597938006331560e+02
2.513332986831665039e+01 4.184986994016252311e+02 2.113597938006331560e+02
2.516597080230712891e+01 4.201682913274730140e+02 2.113597938006331560e+02
2.519942927360534668e+01 4.218017276477416431e+02 2.113597938006331560e+02
2.522735261917114258e+01 4.230728592415492813e+02 2.113597938006331560e+02
2.526136064529418945e+01 4.239658845142006953e+02 2.113597938006331560e+02
2.530124855041503906e+01 4.249157690741839133e+02 2.113597938006331560e+02
2.533570194244384766e+01 4.254223745765957574e+02 2.113597938006331560e+02
2.536574172973632812e+01 4.257238421736732334e+02 2.113597938006331560e+02
2.539332818984985352e+01 4.258221521368568006e+02 2.113597938006331560e+02
2.542683410644531250e+01 4.256063559844812971e+02 2.113597938006331560e+02
2.546020770072937012e+01 4.252286250442494406e+02 2.113597938006331560e+02
2.549885797500610352e+01 4.246390670879379172e+02 2.113597938006331560e+02
2.553368043899536133e+01 4.238240575075519132e+02 2.113597938006331560e+02
2.556353116035461426e+01 4.227177724333229207e+02 2.113597938006331560e+02
2.560214972496032715e+01 4.214878567249295997e+02 2.113597938006331560e+02
2.563300204277038574e+01 4.200614307800910865e+02 2.113597938006331560e+02
2.566626739501953125e+01 4.183340634988470583e+02 2.113597938006331560e+02
2.569921064376831055e+01 4.165545191962571607e+02 2.113597938006331560e+02
2.573245358467102051e+01 4.145530192288708236e+02 2.113597938006331560e+02
2.576550865173339844e+01 4.123724024322664832e+02 2.113597938006331560e+02
2.579956293106079102e+01 4.100181375699053206e+02 2.113597938006331560e+02
2.583243274688720703e+01 4.074183551550100901e+02 2.113597938006331560e+02
2.586554336547851562e+01 4.048396478710589008e+02 2.113597938006331560e+02
2.589902949333190918e+01 4.020583330071295336e+02 2.113597938006331560e+02
2.593250226974487305e+01 3.990546218352608321e+02 2.113597938006331560e+02
2.596698474884033203e+01 3.959888192195511465e+02 2.113597938006331560e+02
2.599976992607116699e+01 3.926034640450657207e+02 2.113597938006331560e+02
2.603317689895629883e+01 3.893306694852283272e+02 2.113597938006331560e+02
2.606610512733459473e+01 3.857769533182319037e+02 2.113597938006331560e+02
2.609961152076721191e+01 3.822592321047413861e+02 2.113597938006331560e+02
2.613250017166137695e+01 3.786975406649584670e+02 2.113597938006331560e+02
2.616572213172912598e+01 3.747651097575171661e+02 2.113597938006331560e+02
2.619936084747314453e+01 3.709620252307402097e+02 2.113597938006331560e+02
2.622687864303588867e+01 3.669280204280538555e+02 2.113597938006331560e+02
2.626149988174438477e+01 3.628673971877976783e+02 2.113597938006331560e+02
2.629974603652954102e+01 3.586275184826374698e+02 2.113597938006331560e+02
2.633402967453002930e+01 3.544255368386523628e+02 2.113597938006331560e+02
2.636490797996520996e+01 3.501786460731755710e+02 2.113597938006331560e+02
2.639475488662719727e+01 3.455560764951134729e+02 2.113597938006331560e+02
2.642733120918273926e+01 3.409358631559830997e+02 2.113597938006331560e+02
2.646019864082336426e+01 3.364001946138401422e+02 2.113597938006331560e+02
2.649962663650512695e+01 3.303928609077309488e+02 2.113597938006331560e+02
2.653337836265563965e+01 3.207279274247346734e+02 2.113597938006331560e+02
2.656332039833068848e+01 3.055466339106372402e+02 2.113597938006331560e+02
