7.364177703857421875e-02 -9.448517810611031464e+00 9.906783399955493223e+02
1.067042350769042969e-01 -9.439510230326133566e+00 9.906783399955493223e+02
1.399559974670410156e-01 -9.251806618431661633e+00 9.906783399955493223e+02
1.702747344970703125e-01 -9.222200663594374959e+00 9.906783399955493223e+02
2.106835842132568359e-01 -9.185401849852244283e+00 9.906783399955493223e+02
2.370176315307617188e-01 -8.534992180553443220e+00 9.906783399955493223e+02
2.701346874237060547e-01 -8.730702845507368082e+00 9.906783399955493223e+02
3.064386844635009766e-01 -6.041062871977867843e+00 9.906783399955493223e+02
3.389556407928466797e-01 -1.704427367597862286e+00 9.906783399955493223e+02
3.723917007446289062e-01 5.785908464466333889e+00 9.906783399955493223e+02
4.060988426208496094e-01 1.611413061626176457e+01 9.906783399955493223e+02
4.319264888763427734e-01 2.853852983619519890e+01 9.906783399955493223e+02
4.662399291992187500e-01 4.306081896354140781e+01 9.906783399955493223e+02
5.029432773590087891e-01 5.943022170771052970e+01 9.906783399955493223e+02
5.410816669464111328e-01 7.714123919927243378e+01 9.906783399955493223e+02
5.737709999084472656e-01 9.650743490102095734e+01 9.906783399955493223e+02
6.041629314422607422e-01 1.177646356336800437e+02 9.906783399955493223e+02
6.376931667327880859e-01 1.396507397813867328e+02 9.906783399955493223e+02
6.663560867309570312e-01 1.627546553042306527e+02 9.906783399955493223e+02
6.998164653778076172e-01 1.868073597002327233e+02 9.906783399955493223e+02
7.385218143463134766e-01 2.120854027795811589e+02 9.906783399955493223e+02
7.723929882049560547e-01 2.379491936732666488e+02 9.906783399955493223e+02
8.058338165283203125e-01 2.647387830174630494e+02 9.906783399955493223e+02
8.342256546020507812e-01 2.918951916799898072e+02 9.906783399955493223e+02
8.651778697967529297e-01 3.196394831681789128e+02 9.906783399955493223e+02
8.987410068511962891e-01 3.477135695577649130e+02 9.906783399955493223e+02
9.321322441101074219e-01 3.757837011384707466e+02 9.906783399955493223e+02
9.656634330749511719e-01 4.039984269488878681e+02 9.906783399955493223e+02
9.997615814208984375e-01 4.323826817829659035e+02 9.906783399955493223e+02
1.036672353744506836e+00 4.603708041785608884e+02 9.906783399955493223e+02
1.073664665222167969e+00 4.883693376482848407e+02 9.906783399955493223e+02
1.107710123062133789e+00 5.156380165975079990e+02 9.906783399955493223e+02
1.141533851623535156e+00 5.428611866160126738e+02 9.906783399955493223e+02
1.171117544174194336e+00 5.695394158681634735e+02 9.906783399955493223e+02
1.204792976379394531e+00 5.960355094950564308e+02 9.906783399955493223e+02
1.237750291824340820e+00 6.216206012544658961e+02 9.906783399955493223e+02
1.270890235900878906e+00 6.467315025670245632e+02 9.906783399955493223e+02
1.304525613784790039e+00 6.707650428411136545e+02 9.906783399955493223e+02
1.337839603424072266e+00 6.942867255373361104e+02 9.906783399955493223e+02
1.371140480041503906e+00 7.172300216140037037e+02 9.906783399955493223e+02
1.405196905136108398e+00 7.390763607981554060e+02 9.906783399955493223e+02
1.437747001647949219e+00 7.599435186581823700e+02 9.906783399955493223e+02
1.471474170684814453e+00 7.797086648738554686e+02 9.906783399955493223e+02
1.504759073257446289e+00 7.985566106416465573e+02 9.906783399955493223e+02
1.537579536437988281e+00 8.164063186414355187e+02 9.906783399955493223e+02
1.573374271392822266e+00 8.330540363832413959e+02 9.906783399955493223e+02
1.606602191925048828e+00 8.486616792909672995e+02 9.906783399955493223e+02
1.640641689300537109e+00 8.631313209741489345e+02 9.906783399955493223e+02
1.673622846603393555e+00 8.767250279207472659e+02 9.906783399955493223e+02
1.703714847564697266e+00 8.893815432691835667e+02 9.906783399955493223e+02
1.737299442291259766e+00 9.011585908391032262e+02 9.906783399955493223e+02
1.772738933563232422e+00 9.117369982603225935e+02 9.906783399955493223e+02
1.806182146072387695e+00 9.216284617367321061e+02 9.906783399955493223e+02
1.838924407958984375e+00 9.304049976168026888e+02 9.906783399955493223e+02
1.865282058715820312e+00 9.383385404665974647e+02 9.906783399955493223e+02
1.899249076843261719e+00 9.452634249650982383e+02 9.906783399955493223e+02
1.931871414184570312e+00 9.511369526311210620e+02 9.906783399955493223e+02
1.972300529479980469e+00 9.561613144342992427e+02 9.906783399955493223e+02
2.006441354751586914e+00 9.603122746079670833e+02 9.906783399955493223e+02
2.041481256484985352e+00 9.635360346624314616e+02 9.906783399955493223e+02
2.073692560195922852e+00 9.662028998332929177e+02 9.906783399955493223e+02
2.107189655303955078e+00 9.681687430916193762e+02 9.906783399955493223e+02
2.140291213989257812e+00 9.695027062968872542e+02 9.906783399955493223e+02
2.173336982727050781e+00 9.702718560529734759e+02 9.906783399955493223e+02
2.207061529159545898e+00 9.704067618231071037e+02 9.906783399955493223e+02
2.240245819091796875e+00 9.702325199168803920e+02 9.906783399955493223e+02
2.271569728851318359e+00 9.694407416396909412e+02 9.906783399955493223e+02
2.299115896224975586e+00 9.682195386602016924e+02 9.906783399955493223e+02
2.333212137222290039e+00 9.667984159052913355e+02 9.906783399955493223e+02
2.371628522872924805e+00 9.650739563171255213e+02 9.906783399955493223e+02
2.408029079437255859e+00 9.628719408272964984e+02 9.906783399955493223e+02
2.441847801208496094e+00 9.606275925076382691e+02 9.906783399955493223e+02
2.474647283554077148e+00 9.581941234632660098e+02 9.906783399955493223e+02
2.504032611846923828e+00 9.554914121339604662e+02 9.906783399955493223e+02
2.537328481674194336e+00 9.528292033885132923e+02 9.906783399955493223e+02
2.573209524154663086e+00 9.500492352852935483e+02 9.906783399955493223e+02
2.606499671936035156e+00 9.474772607509158888e+02 9.906783399955493223e+02
2.639641523361206055e+00 9.447472645121855521e+02 9.906783399955493223e+02
2.672754526138305664e+00 9.422754233560971215e+02 9.906783399955493223e+02
2.699167490005493164e+00 9.396452000227658345e+02 9.906783399955493223e+02
2.734128236770629883e+00 9.372592850875056456e+02 9.906783399955493223e+02
2.774835348129272461e+00 9.348141038095978956e+02 9.906783399955493223e+02
2.799847126007080078e+00 9.327959620380731849e+02 9.906783399955493223e+02
2.833114862442016602e+00 9.303773841729303058e+02 9.906783399955493223e+02
2.866600990295410156e+00 9.282842730746903044e+02 9.906783399955493223e+02
2.898769617080688477e+00 9.261384544934123824e+02 9.906783399955493223e+02
2.931942939758300781e+00 9.241889222636428940e+02 9.906783399955493223e+02
2.973541498184204102e+00 9.225014649036223773e+02 9.906783399955493223e+02
3.007073640823364258e+00 9.204313062794501548e+02 9.906783399955493223e+02
3.040088415145874023e+00 9.188437515002090095e+02 9.906783399955493223e+02
3.067752838134765625e+00 9.170924388186160741e+02 9.906783399955493223e+02
3.100517272949218750e+00 9.155977782938375640e+02 9.906783399955493223e+02
3.135069608688354492e+00 9.146194222487251864e+02 9.906783399955493223e+02
3.171854496002197266e+00 9.134146018894285817e+02 9.906783399955493223e+02
3.204951763153076172e+00 9.121610773017961264e+02 9.906783399955493223e+02
3.239442110061645508e+00 9.112107344046437447e+02 9.906783399955493223e+02
3.271867513656616211e+00 9.104634471584482753e+02 9.906783399955493223e+02
3.305292129516601562e+00 9.094416603595134347e+02 9.906783399955493223e+02
3.338772773742675781e+00 9.089032192185312624e+02 9.906783399955493223e+02
3.372004985809326172e+00 9.083564058875720093e+02 9.906783399955493223e+02
3.405259609222412109e+00 9.078360639028857122e+02 9.906783399955493223e+02
3.438634872436523438e+00 9.076049873082630484e+02 9.906783399955493223e+02
3.471825122833251953e+00 9.074556427355327060e+02 9.906783399955493223e+02
3.505451440811157227e+00 9.074089288372549618e+02 9.906783399955493223e+02
3.538351058959960938e+00 9.074364787292292931e+02 9.906783399955493223e+02
3.571653604507446289e+00 9.077439394275641007e+02 9.906783399955493223e+02
3.605389595031738281e+00 9.081598127125635074e+02 9.906783399955493223e+02
3.638624429702758789e+00 9.085232666838259092e+02 9.906783399955493223e+02
3.672021865844726562e+00 9.091353152857678879e+02 9.906783399955493223e+02
3.705391883850097656e+00 9.097609413955242417e+02 9.906783399955493223e+02
3.738962650299072266e+00 9.104798182312850940e+02 9.906783399955493223e+02
3.771974325180053711e+00 9.111216845732928959e+02 9.906783399955493223e+02
3.805164098739624023e+00 9.121082206398000380e+02 9.906783399955493223e+02
3.839025020599365234e+00 9.128836762592065952e+02 9.906783399955493223e+02
3.865926265716552734e+00 9.140040083894306235e+02 9.906783399955493223e+02
3.899098157882690430e+00 9.149520484744929263e+02 9.906783399955493223e+02
3.931970596313476562e+00 9.160592497409892303e+02 9.906783399955493223e+02
3.972543239593505859e+00 9.171495405850183715e+02 9.906783399955493223e+02
3.999929189682006836e+00 9.180539164165419379e+02 9.906783399955493223e+02
4.039542913436889648e+00 9.191026224337674648e+02 9.906783399955493223e+02
4.073475837707519531e+00 9.201537342239059853e+02 9.906783399955493223e+02
4.106886863708496094e+00 9.210879034174670323e+02 9.906783399955493223e+02
4.140293359756469727e+00 9.221143603773303994e+02 9.906783399955493223e+02
4.173911571502685547e+00 9.230515207069787493e+02 9.906783399955493223e+02
4.206701755523681641e+00 9.236075780422280559e+02 9.906783399955493223e+02
4.240024089813232422e+00 9.243213530467897954e+02 9.906783399955493223e+02
4.274186372756958008e+00 9.249283926138402876e+02 9.906783399955493223e+02
4.307404756546020508e+00 9.254883870987046066e+02 9.906783399955493223e+02
4.340288162231445312e+00 9.260531522425247886e+02 9.906783399955493223e+02
4.370351076126098633e+00 9.265681734254899311e+02 9.906783399955493223e+02
4.404189825057983398e+00 9.270836862356043184e+02 9.906783399955493223e+02
4.438593387603759766e+00 9.275681142530675061e+02 9.906783399955493223e+02
4.472460746765136719e+00 9.280999754467144385e+02 9.906783399955493223e+02
4.508171558380126953e+00 9.286739522404254785e+02 9.906783399955493223e+02
4.541209697723388672e+00 9.289756781014250464e+02 9.906783399955493223e+02
4.575278043746948242e+00 9.295099835159659278e+02 9.906783399955493223e+02
4.608017683029174805e+00 9.299797599737293012e+02 9.906783399955493223e+02
4.637584447860717773e+00 9.302681780795323903e+02 9.906783399955493223e+02
4.665561437606811523e+00 9.304499338668518931e+02 9.906783399955493223e+02
4.699706554412841797e+00 9.305674629482459750e+02 9.906783399955493223e+02
4.737202405929565430e+00 9.307032560799041221e+02 9.906783399955493223e+02
4.775172472000122070e+00 9.307759403397162714e+02 9.906783399955493223e+02
4.807400703430175781e+00 9.309692078918839115e+02 9.906783399955493223e+02
4.840997695922851562e+00 9.312235690155872589e+02 9.906783399955493223e+02
4.865522146224975586e+00 9.311035702370315903e+02 9.906783399955493223e+02
4.898887157440185547e+00 9.313544181043719163e+02 9.906783399955493223e+02
4.932270288467407227e+00 9.311243831118442813e+02 9.906783399955493223e+02
4.972284317016601562e+00 9.312865285425932598e+02 9.906783399955493223e+02
5.006343364715576172e+00 9.309121403543761062e+02 9.906783399955493223e+02
5.040399312973022461e+00 9.307539412431328856e+02 9.906783399955493223e+02
5.073583602905273438e+00 9.305596139922364500e+02 9.906783399955493223e+02
5.106533527374267578e+00 9.302589860267055428e+02 9.906783399955493223e+02
5.140524387359619141e+00 9.300240270319291085e+02 9.906783399955493223e+02
5.173762083053588867e+00 9.299422187151494654e+02 9.906783399955493223e+02
5.206802845001220703e+00 9.296728435489692401e+02 9.906783399955493223e+02
5.240106105804443359e+00 9.295740974436223496e+02 9.906783399955493223e+02
5.274209260940551758e+00 9.295154654088239567e+02 9.906783399955493223e+02
5.307473421096801758e+00 9.291688539194944951e+02 9.906783399955493223e+02
5.340434551239013672e+00 9.292910373107270061e+02 9.906783399955493223e+02
5.373770952224731445e+00 9.291634219486402344e+02 9.906783399955493223e+02
5.407548427581787109e+00 9.291785799766379341e+02 9.906783399955493223e+02
5.440545082092285156e+00 9.293959390828116511e+02 9.906783399955493223e+02
5.466619014739990234e+00 9.293902869049899209e+02 9.906783399955493223e+02
5.499348640441894531e+00 9.293013847152925564e+02 9.906783399955493223e+02
5.534835100173950195e+00 9.292213134045280185e+02 9.906783399955493223e+02
5.574471950531005859e+00 9.292233355912167099e+02 9.906783399955493223e+02
5.607773542404174805e+00 9.292352861294300510e+02 9.906783399955493223e+02
5.640811681747436523e+00 9.296290131374977364e+02 9.906783399955493223e+02
5.674221754074096680e+00 9.295953899686004434e+02 9.906783399955493223e+02
5.704470157623291016e+00 9.298325665615122944e+02 9.906783399955493223e+02
5.737975835800170898e+00 9.301475148008522638e+02 9.906783399955493223e+02
5.772126674652099609e+00 9.303742906497993772e+02 9.906783399955493223e+02
5.804621696472167969e+00 9.307896034713548943e+02 9.906783399955493223e+02
5.839977264404296875e+00 9.312558807787854676e+02 9.906783399955493223e+02
5.865357398986816406e+00 9.315815646331851667e+02 9.906783399955493223e+02
5.898769378662109375e+00 9.319224080172630238e+02 9.906783399955493223e+02
5.932067871093750000e+00 9.322857121659845916e+02 9.906783399955493223e+02
5.970715284347534180e+00 9.327936176260764114e+02 9.906783399955493223e+02
6.006550073623657227e+00 9.330886650871755137e+02 9.906783399955493223e+02
6.040907621383666992e+00 9.335236338643345562e+02 9.906783399955493223e+02
6.073733568191528320e+00 9.341885563190760422e+02 9.906783399955493223e+02
6.106812477111816406e+00 9.346444474960494517e+02 9.906783399955493223e+02
6.140477657318115234e+00 9.354631628276459878e+02 9.906783399955493223e+02
6.173738002777099609e+00 9.358461016228859535e+02 9.906783399955493223e+02
6.207542657852172852e+00 9.365030422525446738e+02 9.906783399955493223e+02
6.240584850311279297e+00 9.371976803257143729e+02 9.906783399955493223e+02
6.273655176162719727e+00 9.378945996360641857e+02 9.906783399955493223e+02
6.307312250137329102e+00 9.384482152584754431e+02 9.906783399955493223e+02
6.340406417846679688e+00 9.389749614792665398e+02 9.906783399955493223e+02
6.373450517654418945e+00 9.396109634315153016e+02 9.906783399955493223e+02
6.406607389450073242e+00 9.404252078815168261e+02 9.906783399955493223e+02
6.440439701080322266e+00 9.406698027548380878e+02 9.906783399955493223e+02
6.473819017410278320e+00 9.411647297924225768e+02 9.906783399955493223e+02
6.506660699844360352e+00 9.415135947081254244e+02 9.906783399955493223e+02
6.540100336074829102e+00 9.418112667307163974e+02 9.906783399955493223e+02
6.573585033416748047e+00 9.421612939577508996e+02 9.906783399955493223e+02
6.607452869415283203e+00 9.422877192891556888e+02 9.906783399955493223e+02
6.640537738800048828e+00 9.426446845816778932e+02 9.906783399955493223e+02
6.673849821090698242e+00 9.428285751759186724e+02 9.906783399955493223e+02
6.698797464370727539e+00 9.431941364027026111e+02 9.906783399955493223e+02
6.733217000961303711e+00 9.435545198888232790e+02 9.906783399955493223e+02
6.770086765289306641e+00 9.434294344356810598e+02 9.906783399955493223e+02
6.807939529418945312e+00 9.435921342392047109e+02 9.906783399955493223e+02
6.840958356857299805e+00 9.437810627307510458e+02 9.906783399955493223e+02
6.865297079086303711e+00 9.437814333659051726e+02 9.906783399955493223e+02
6.899191617965698242e+00 9.438894098065408116e+02 9.906783399955493223e+02
6.932522535324096680e+00 9.440199658340347924e+02 9.906783399955493223e+02
6.970530509948730469e+00 9.443689349654410989e+02 9.906783399955493223e+02
7.006895065307617188e+00 9.446310054151492750e+02 9.906783399955493223e+02
7.040746927261352539e+00 9.448466030107075539e+02 9.906783399955493223e+02
7.073135375976562500e+00 9.451086156993037548e+02 9.906783399955493223e+02
7.107520818710327148e+00 9.454491279571335554e+02 9.906783399955493223e+02
7.140025138854980469e+00 9.454995420348401467e+02 9.906783399955493223e+02
7.173989295959472656e+00 9.459061352941495215e+02 9.906783399955493223e+02
7.206942558288574219e+00 9.461297991433806374e+02 9.906783399955493223e+02
7.239937067031860352e+00 9.465255759018839399e+02 9.906783399955493223e+02
7.273750782012939453e+00 9.468123435625703905e+02 9.906783399955493223e+02
7.306959152221679688e+00 9.471031248139825038e+02 9.906783399955493223e+02
7.341355323791503906e+00 9.474945991026473848e+02 9.906783399955493223e+02
7.371338367462158203e+00 9.478238956085405107e+02 9.906783399955493223e+02
7.403867959976196289e+00 9.482152097011950218e+02 9.906783399955493223e+02
7.437462329864501953e+00 9.486640400189995717e+02 9.906783399955493223e+02
7.472814798355102539e+00 9.491267499401358236e+02 9.906783399955493223e+02
7.505817174911499023e+00 9.494866747192402272e+02 9.906783399955493223e+02
7.539294958114624023e+00 9.498667845986665270e+02 9.906783399955493223e+02
7.572347402572631836e+00 9.502435871737806110e+02 9.906783399955493223e+02
7.606061935424804688e+00 9.507523441561979780e+02 9.906783399955493223e+02
7.639317035675048828e+00 9.512418961227242562e+02 9.906783399955493223e+02
7.672366619110107422e+00 9.519531077780878832e+02 9.906783399955493223e+02
7.699259996414184570e+00 9.521679428407820751e+02 9.906783399955493223e+02
7.732946395874023438e+00 9.526527585145678358e+02 9.906783399955493223e+02
7.770461320877075195e+00 9.530174894636879799e+02 9.906783399955493223e+02
7.809367895126342773e+00 9.535337424457230782e+02 9.906783399955493223e+02
7.841078042984008789e+00 9.541019380029816830e+02 9.906783399955493223e+02
7.866540193557739258e+00 9.545394713219361620e+02 9.906783399955493223e+02
7.898657560348510742e+00 9.550683611362164811e+02 9.906783399955493223e+02
7.932182788848876953e+00 9.555916174339839699e+02 9.906783399955493223e+02
7.968382835388183594e+00 9.560356568088525364e+02 9.906783399955493223e+02
8.006573438644409180e+00 9.565478269442606916e+02 9.906783399955493223e+02
8.039959907531738281e+00 9.570332382620972567e+02 9.906783399955493223e+02
8.074141502380371094e+00 9.575593453611774066e+02 9.906783399955493223e+02
8.106830596923828125e+00 9.580196575718164240e+02 9.906783399955493223e+02
8.140154123306274414e+00 9.583793473118788597e+02 9.906783399955493223e+02
8.173136949539184570e+00 9.588709937127321155e+02 9.906783399955493223e+02
8.206844091415405273e+00 9.591728697268426913e+02 9.906783399955493223e+02
8.240198135375976562e+00 9.596242822744184195e+02 9.906783399955493223e+02
8.273831844329833984e+00 9.598683788844170977e+02 9.906783399955493223e+02
8.307471036911010742e+00 9.600380858841979261e+02 9.906783399955493223e+02
8.335059642791748047e+00 9.603423992640158531e+02 9.906783399955493223e+02
8.365793466567993164e+00 9.605578244104626719e+02 9.906783399955493223e+02
8.400971174240112305e+00 9.608424031586438332e+02 9.906783399955493223e+02
8.441883563995361328e+00 9.610707991890983521e+02 9.906783399955493223e+02
8.472339868545532227e+00 9.613611407124758443e+02 9.906783399955493223e+02
8.499371528625488281e+00 9.615833055387006425e+02 9.906783399955493223e+02
8.535708904266357422e+00 9.616645193887346750e+02 9.906783399955493223e+02
8.575785875320434570e+00 9.617678357205701332e+02 9.906783399955493223e+02
8.608371496200561523e+00 9.616090341290486094e+02 9.906783399955493223e+02
8.641949176788330078e+00 9.616442943853476208e+02 9.906783399955493223e+02
8.674911499023437500e+00 9.615685065502677844e+02 9.906783399955493223e+02
8.704574823379516602e+00 9.615715928532107455e+02 9.906783399955493223e+02
8.738043308258056641e+00 9.616830040630738949e+02 9.906783399955493223e+02
8.771287441253662109e+00 9.618129699749907786e+02 9.906783399955493223e+02
8.807565689086914062e+00 9.617841014908547095e+02 9.906783399955493223e+02
8.841467618942260742e+00 9.618889037907342754e+02 9.906783399955493223e+02
8.869508504867553711e+00 9.618634471764177079e+02 9.906783399955493223e+02
8.899326562881469727e+00 9.618529234159722137e+02 9.906783399955493223e+02
8.932016611099243164e+00 9.618273665646315749e+02 9.906783399955493223e+02
8.967168569564819336e+00 9.617555196914798898e+02 9.906783399955493223e+02
9.005397081375122070e+00 9.616567788904997087e+02 9.906783399955493223e+02
9.040009260177612305e+00 9.616207432430873041e+02 9.906783399955493223e+02
9.074262142181396484e+00 9.616406088739311144e+02 9.906783399955493223e+02
9.106772184371948242e+00 9.616601396331077467e+02 9.906783399955493223e+02
9.140031099319458008e+00 9.615971072210027160e+02 9.906783399955493223e+02
9.173404932022094727e+00 9.616027273108740019e+02 9.906783399955493223e+02
9.207026958465576172e+00 9.616588095085315899e+02 9.906783399955493223e+02
9.240176677703857422e+00 9.617585594525037322e+02 9.906783399955493223e+02
9.273064136505126953e+00 9.618736578864516105e+02 9.906783399955493223e+02
9.306763410568237305e+00 9.620621081989572758e+02 9.906783399955493223e+02
9.340845823287963867e+00 9.623395520559103034e+02 9.906783399955493223e+02
9.365632534027099609e+00 9.626192358181084501e+02 9.906783399955493223e+02
9.399717807769775391e+00 9.628270756397763535e+02 9.906783399955493223e+02
9.434461593627929688e+00 9.630827058010437440e+02 9.906783399955493223e+02
9.474459886550903320e+00 9.633840179825314181e+02 9.906783399955493223e+02
9.507772684097290039e+00 9.636815189443512963e+02 9.906783399955493223e+02
9.541023969650268555e+00 9.640886040219596680e+02 9.906783399955493223e+02
9.574793338775634766e+00 9.642572329970760165e+02 9.906783399955493223e+02
9.604423999786376953e+00 9.646018400622422178e+02 9.906783399955493223e+02
9.638155698776245117e+00 9.649545909526502783e+02 9.906783399955493223e+02
9.671457529067993164e+00 9.652600431868651185e+02 9.906783399955493223e+02
9.698888301849365234e+00 9.656616038173807510e+02 9.906783399955493223e+02
9.733206987380981445e+00 9.660149919349034917e+02 9.906783399955493223e+02
9.772265434265136719e+00 9.664224183623837234e+02 9.906783399955493223e+02
9.805729627609252930e+00 9.668154663865306020e+02 9.906783399955493223e+02
9.839396953582763672e+00 9.671637466791009956e+02 9.906783399955493223e+02
9.869897365570068359e+00 9.676508162578946894e+02 9.906783399955493223e+02
9.898536443710327148e+00 9.678983541379380995e+02 9.906783399955493223e+02
9.931838989257812500e+00 9.681985061671446147e+02 9.906783399955493223e+02
9.967459201812744141e+00 9.683589912118283110e+02 9.906783399955493223e+02
1.000546932220458984e+01 9.683642299718462709e+02 9.906783399955493223e+02
1.004017066955566406e+01 9.686052204249861006e+02 9.906783399955493223e+02
1.007352805137634277e+01 9.687143359154641757e+02 9.906783399955493223e+02
1.010666155815124512e+01 9.689220007742275129e+02 9.906783399955493223e+02
1.013985252380371094e+01 9.689930365913922969e+02 9.906783399955493223e+02
1.017374610900878906e+01 9.692315029159161668e+02 9.906783399955493223e+02
1.020657348632812500e+01 9.694148650875761177e+02 9.906783399955493223e+02
1.024039196968078613e+01 9.696401684915609849e+02 9.906783399955493223e+02
1.027379870414733887e+01 9.698041858455778765e+02 9.906783399955493223e+02
1.030673861503601074e+01 9.700956950398807521e+02 9.906783399955493223e+02
1.034006047248840332e+01 9.702510586814659064e+02 9.906783399955493223e+02
1.037349414825439453e+01 9.704949020386678740e+02 9.906783399955493223e+02
1.040661001205444336e+01 9.705792543916960540e+02 9.906783399955493223e+02
1.044007158279418945e+01 9.707950094168204487e+02 9.906783399955493223e+02
1.046987223625183105e+01 9.709493272901037244e+02 9.906783399955493223e+02
1.049942135810852051e+01 9.712474409988006983e+02 9.906783399955493223e+02
1.053398394584655762e+01 9.714328125430914724e+02 9.906783399955493223e+02
1.057161474227905273e+01 9.716305546108897033e+02 9.906783399955493223e+02
1.060810828208923340e+01 9.718203102002933065e+02 9.906783399955493223e+02
1.064137363433837891e+01 9.719388710734775714e+02 9.906783399955493223e+02
1.067443370819091797e+01 9.720976572946257193e+02 9.906783399955493223e+02
1.070349025726318359e+01 9.723109687524902256e+02 9.906783399955493223e+02
1.073540067672729492e+01 9.725229577971003891e+02 9.906783399955493223e+02
1.077213859558105469e+01 9.727793233980843297e+02 9.906783399955493223e+02
1.080609512329101562e+01 9.730122460944958220e+02 9.906783399955493223e+02
1.083905386924743652e+01 9.731469515563862842e+02 9.906783399955493223e+02
1.086548089981079102e+01 9.733775027302775698e+02 9.906783399955493223e+02
1.089869976043701172e+01 9.735352816798467757e+02 9.906783399955493223e+02
1.093240690231323242e+01 9.738940348622343208e+02 9.906783399955493223e+02
1.096585321426391602e+01 9.741066612814573773e+02 9.906783399955493223e+02
1.099921178817749023e+01 9.743946350796312572e+02 9.906783399955493223e+02
1.103372669219970703e+01 9.747088892173663908e+02 9.906783399955493223e+02
1.107401895523071289e+01 9.750362901305725245e+02 9.906783399955493223e+02
1.110804367065429688e+01 9.753293059606952511e+02 9.906783399955493223e+02
1.114132213592529297e+01 9.757241215709129847e+02 9.906783399955493223e+02
1.117459774017333984e+01 9.759638208914730058e+02 9.906783399955493223e+02
1.120821094512939453e+01 9.762460700270604548e+02 9.906783399955493223e+02
1.124231505393981934e+01 9.765961579412993387e+02 9.906783399955493223e+02
1.127403306961059570e+01 9.769046994765843692e+02 9.906783399955493223e+02
1.130733442306518555e+01 9.771163402282975312e+02 9.906783399955493223e+02
1.134081888198852539e+01 9.774778428798081222e+02 9.906783399955493223e+02
1.137431216239929199e+01 9.778468215957834673e+02 9.906783399955493223e+02
1.140432715415954590e+01 9.778423796428724017e+02 9.906783399955493223e+02
1.143797731399536133e+01 9.781390140255982715e+02 9.906783399955493223e+02
1.147165203094482422e+01 9.782991448689396066e+02 9.906783399955493223e+02
1.150472402572631836e+01 9.785560777496732499e+02 9.906783399955493223e+02
1.153804540634155273e+01 9.785906788161493068e+02 9.906783399955493223e+02
1.157132291793823242e+01 9.788584527320755342e+02 9.906783399955493223e+02
1.160456895828247070e+01 9.788687923897423389e+02 9.906783399955493223e+02
1.163809585571289062e+01 9.790003936157047519e+02 9.906783399955493223e+02
1.167121458053588867e+01 9.790995671982173008e+02 9.906783399955493223e+02
1.170489358901977539e+01 9.791775562172540504e+02 9.906783399955493223e+02
1.173977279663085938e+01 9.792832439859927263e+02 9.906783399955493223e+02
1.177365660667419434e+01 9.792163683525403712e+02 9.906783399955493223e+02
1.180681467056274414e+01 9.791890350146454693e+02 9.906783399955493223e+02
1.184028458595275879e+01 9.792168514391471490e+02 9.906783399955493223e+02
1.187056207656860352e+01 9.791053447848296400e+02 9.906783399955493223e+02
1.189964127540588379e+01 9.789848172836335607e+02 9.906783399955493223e+02
1.193210387229919434e+01 9.788822672745292266e+02 9.906783399955493223e+02
1.196502590179443359e+01 9.786512276166394031e+02 9.906783399955493223e+02
1.200588488578796387e+01 9.784726216263674132e+02 9.906783399955493223e+02
1.203994250297546387e+01 9.783576027724596997e+02 9.906783399955493223e+02
1.207330632209777832e+01 9.781229812245778703e+02 9.906783399955493223e+02
1.210671281814575195e+01 9.781811470886918869e+02 9.906783399955493223e+02
1.214007139205932617e+01 9.779299966922192198e+02 9.906783399955493223e+02
1.217421507835388184e+01 9.776924415118377283e+02 9.906783399955493223e+02
1.220729041099548340e+01 9.775311030699347157e+02 9.906783399955493223e+02
1.224006080627441406e+01 9.774047030728889922e+02 9.906783399955493223e+02
1.227313947677612305e+01 9.771021517609814282e+02 9.906783399955493223e+02
1.230685353279113770e+01 9.768586402097856762e+02 9.906783399955493223e+02
1.233986997604370117e+01 9.766573919935065078e+02 9.906783399955493223e+02
1.236726951599121094e+01 9.762614576679458196e+02 9.906783399955493223e+02
1.239967679977416992e+01 9.761161227208843911e+02 9.906783399955493223e+02
1.243433046340942383e+01 9.759062320087574562e+02 9.906783399955493223e+02
1.247445631027221680e+01 9.757164023051319646e+02 9.906783399955493223e+02
1.250812840461730957e+01 9.757444928770521528e+02 9.906783399955493223e+02
1.254134154319763184e+01 9.756133185215179537e+02 9.906783399955493223e+02
1.257121586799621582e+01 9.755695223261382125e+02 9.906783399955493223e+02
1.260455060005187988e+01 9.755813515752882950e+02 9.906783399955493223e+02
1.263801431655883789e+01 9.753476140086570467e+02 9.906783399955493223e+02
1.267124962806701660e+01 9.753427228181946020e+02 9.906783399955493223e+02
1.269886064529418945e+01 9.753685850879285226e+02 9.906783399955493223e+02
1.273296284675598145e+01 9.753568827680918503e+02 9.906783399955493223e+02
1.276958513259887695e+01 9.752528884731592598e+02 9.906783399955493223e+02
1.280768275260925293e+01 9.752778430499949991e+02 9.906783399955493223e+02
1.284120345115661621e+01 9.752779731219445694e+02 9.906783399955493223e+02
1.287834501266479492e+01 9.752212357491241619e+02 9.906783399955493223e+02
1.290010905265808105e+01 9.752265284492970068e+02 9.906783399955493223e+02
1.293196606636047363e+01 9.751872625202615836e+02 9.906783399955493223e+02
1.296555852890014648e+01 9.752881117351204239e+02 9.906783399955493223e+02
1.300568318367004395e+01 9.752805491910559113e+02 9.906783399955493223e+02
1.303944039344787598e+01 9.754379301946405576e+02 9.906783399955493223e+02
1.307377958297729492e+01 9.754317756646146336e+02 9.906783399955493223e+02
1.310694575309753418e+01 9.755454134966644233e+02 9.906783399955493223e+02
1.314016389846801758e+01 9.757554444526623456e+02 9.906783399955493223e+02
1.317069244384765625e+01 9.759362659844439349e+02 9.906783399955493223e+02
1.320433473587036133e+01 9.761822662862140305e+02 9.906783399955493223e+02
1.323710870742797852e+01 9.764499923745219121e+02 9.906783399955493223e+02
1.327087903022766113e+01 9.767311898004713839e+02 9.906783399955493223e+02
1.330384445190429688e+01 9.770703132539368880e+02 9.906783399955493223e+02
1.333683538436889648e+01 9.774823811285785951e+02 9.906783399955493223e+02
1.337315940856933594e+01 9.778025795394562465e+02 9.906783399955493223e+02
1.340607810020446777e+01 9.781140162841244319e+02 9.906783399955493223e+02
1.343943572044372559e+01 9.785171214488984788e+02 9.906783399955493223e+02
1.347356247901916504e+01 9.788877494918641560e+02 9.906783399955493223e+02
1.350600409507751465e+01 9.792630388481647969e+02 9.906783399955493223e+02
1.353929781913757324e+01 9.796374187088727012e+02 9.906783399955493223e+02
1.357235622406005859e+01 9.801284128622997969e+02 9.906783399955493223e+02
1.360556054115295410e+01 9.805879288000107863e+02 9.906783399955493223e+02
1.363998126983642578e+01 9.811233328925745809e+02 9.906783399955493223e+02
1.367237782478332520e+01 9.815718730695207341e+02 9.906783399955493223e+02
1.370125222206115723e+01 9.821002678013074956e+02 9.906783399955493223e+02
1.373217964172363281e+01 9.826196203052196552e+02 9.906783399955493223e+02
1.376690101623535156e+01 9.831248750792407236e+02 9.906783399955493223e+02
1.380750393867492676e+01 9.836386829511429823e+02 9.906783399955493223e+02
1.384094333648681641e+01 9.841913423555307645e+02 9.906783399955493223e+02
1.387914586067199707e+01 9.846892847038659511e+02 9.906783399955493223e+02
1.389859700202941895e+01 9.851981607878351497e+02 9.906783399955493223e+02
1.393352437019348145e+01 9.857380072274569329e+02 9.906783399955493223e+02
1.396528172492980957e+01 9.861975543502120445e+02 9.906783399955493223e+02
1.400192046165466309e+01 9.866534958497095431e+02 9.906783399955493223e+02
1.403877115249633789e+01 9.871079183850969230e+02 9.906783399955493223e+02
1.407391262054443359e+01 9.875553403180283567e+02 9.906783399955493223e+02
1.410685133934020996e+01 9.879486017148142309e+02 9.906783399955493223e+02
1.414024090766906738e+01 9.884844264821457500e+02 9.906783399955493223e+02
1.417034459114074707e+01 9.887539830891425936e+02 9.906783399955493223e+02
1.420378780364990234e+01 9.887226807984478683e+02 9.906783399955493223e+02
1.423700618743896484e+01 9.889934212680890369e+02 9.906783399955493223e+02
1.427375411987304688e+01 9.890465130634346451e+02 9.906783399955493223e+02
1.430781316757202148e+01 9.892343581460584119e+02 9.906783399955493223e+02
1.434097599983215332e+01 9.893899403228186884e+02 9.906783399955493223e+02
1.437463545799255371e+01 9.894448102585673723e+02 9.906783399955493223e+02
1.440482878684997559e+01 9.896282639545837583e+02 9.906783399955493223e+02
1.443791389465332031e+01 9.896763144170764690e+02 9.906783399955493223e+02
1.447119474411010742e+01 9.897211771167020515e+02 9.906783399955493223e+02
1.450730252265930176e+01 9.897057272675120885e+02 9.906783399955493223e+02
1.454037523269653320e+01 9.897132124554109396e+02 9.906783399955493223e+02
1.457367539405822754e+01 9.896363339521547005e+02 9.906783399955493223e+02
1.460686111450195312e+01 9.896592410896197407e+02 9.906783399955493223e+02
1.464006733894348145e+01 9.895864235340100095e+02 9.906783399955493223e+02
1.467339968681335449e+01 9.895404121069658459e+02 9.906783399955493223e+02
1.470630073547363281e+01 9.895522368752757529e+02 9.906783399955493223e+02
1.474022960662841797e+01 9.895097989871229629e+02 9.906783399955493223e+02
1.477379870414733887e+01 9.894694923647463156e+02 9.906783399955493223e+02
1.480669665336608887e+01 9.895484491942739851e+02 9.906783399955493223e+02
1.483996152877807617e+01 9.895881673430315004e+02 9.906783399955493223e+02
1.487363767623901367e+01 9.895208122060438427e+02 9.906783399955493223e+02
1.489887309074401855e+01 9.895796102364370199e+02 9.906783399955493223e+02
1.493237018585205078e+01 9.895150115898659351e+02 9.906783399955493223e+02
1.496529579162597656e+01 9.894613811317290128e+02 9.906783399955493223e+02
1.500570011138916016e+01 9.893504742207975369e+02 9.906783399955493223e+02
1.503957080841064453e+01 9.892977604355877475e+02 9.906783399955493223e+02
1.507334613800048828e+01 9.891827386526616692e+02 9.906783399955493223e+02
1.510131502151489258e+01 9.891112990513023533e+02 9.906783399955493223e+02
1.513217329978942871e+01 9.890206645456171373e+02 9.906783399955493223e+02
1.516648840904235840e+01 9.889541828213042436e+02 9.906783399955493223e+02
1.520249843597412109e+01 9.888903430435960900e+02 9.906783399955493223e+02
1.524081587791442871e+01 9.888066055963794270e+02 9.906783399955493223e+02
1.527421021461486816e+01 9.888254632241988702e+02 9.906783399955493223e+02
1.530844593048095703e+01 9.887825075034463680e+02 9.906783399955493223e+02
1.534191322326660156e+01 9.887035311757587124e+02 9.906783399955493223e+02
1.537560963630676270e+01 9.886468687841502287e+02 9.906783399955493223e+02
1.540481758117675781e+01 9.887208381278275056e+02 9.906783399955493223e+02
1.543779253959655762e+01 9.885112442905494845e+02 9.906783399955493223e+02
1.547102141380310059e+01 9.885454611706813921e+02 9.906783399955493223e+02
1.549991512298583984e+01 9.884651863619421874e+02 9.906783399955493223e+02
1.553461813926696777e+01 9.884821339402514013e+02 9.906783399955493223e+02
1.557463479042053223e+01 9.883720374518595690e+02 9.906783399955493223e+02
1.560810470581054688e+01 9.884028279369792926e+02 9.906783399955493223e+02
1.564155483245849609e+01 9.885044003934774537e+02 9.906783399955493223e+02
1.567486834526062012e+01 9.885054451071218864e+02 9.906783399955493223e+02
1.570806479454040527e+01 9.885436614644249858e+02 9.906783399955493223e+02
1.573819231986999512e+01 9.885763729253253587e+02 9.906783399955493223e+02
1.577103233337402344e+01 9.885506869795937064e+02 9.906783399955493223e+02
1.580737853050231934e+01 9.885998348913342397e+02 9.906783399955493223e+02
1.584059643745422363e+01 9.886018862619330321e+02 9.906783399955493223e+02
1.587320446968078613e+01 9.886180297957102994e+02 9.906783399955493223e+02
1.590087485313415527e+01 9.885875723528541812e+02 9.906783399955493223e+02
1.593256211280822754e+01 9.885961910988739874e+02 9.906783399955493223e+02
1.596528840065002441e+01 9.886740956639562228e+02 9.906783399955493223e+02
1.600305247306823730e+01 9.886207092897893745e+02 9.906783399955493223e+02
1.603915166854858398e+01 9.886279129096679981e+02 9.906783399955493223e+02
1.607394766807556152e+01 9.885944776591022674e+02 9.906783399955493223e+02
1.610743951797485352e+01 9.885912840698474611e+02 9.906783399955493223e+02
1.613996243476867676e+01 9.885907594944061429e+02 9.906783399955493223e+02
1.617318630218505859e+01 9.886450490409370104e+02 9.906783399955493223e+02
1.620681309700012207e+01 9.886440476462885272e+02 9.906783399955493223e+02
1.624009180068969727e+01 9.886244893454380644e+02 9.906783399955493223e+02
1.627341532707214355e+01 9.886511725232719527e+02 9.906783399955493223e+02
1.630679130554199219e+01 9.886562189763437800e+02 9.906783399955493223e+02
1.633975028991699219e+01 9.886441874944245001e+02 9.906783399955493223e+02
1.637360882759094238e+01 9.886213257064579238e+02 9.906783399955493223e+02
1.640758657455444336e+01 9.885731236817694025e+02 9.906783399955493223e+02
1.643997955322265625e+01 9.885897624112413951e+02 9.906783399955493223e+02
1.647467517852783203e+01 9.885492077042720211e+02 9.906783399955493223e+02
1.650668954849243164e+01 9.885351278420334893e+02 9.906783399955493223e+02
1.654024052619934082e+01 9.885137244036262700e+02 9.906783399955493223e+02
1.657405138015747070e+01 9.885706586501131596e+02 9.906783399955493223e+02
1.660696625709533691e+01 9.885640796198272255e+02 9.906783399955493223e+02
1.664019060134887695e+01 9.886190979656098534e+02 9.906783399955493223e+02
1.667329668998718262e+01 9.886215847454006962e+02 9.906783399955493223e+02
1.670695543289184570e+01 9.887053529508360725e+02 9.906783399955493223e+02
1.673213195800781250e+01 9.888562016546107998e+02 9.906783399955493223e+02
1.676578712463378906e+01 9.889985105776646606e+02 9.906783399955493223e+02
1.680232644081115723e+01 9.891663962196536204e+02 9.906783399955493223e+02
1.683629870414733887e+01 9.891723973194092423e+02 9.906783399955493223e+02
1.686604332923889160e+01 9.893004243393774004e+02 9.906783399955493223e+02
1.689860033988952637e+01 9.894212591440567621e+02 9.906783399955493223e+02
1.693366003036499023e+01 9.896393930704876993e+02 9.906783399955493223e+02
1.696514558792114258e+01 9.897714889218093504e+02 9.906783399955493223e+02
1.700575232505798340e+01 9.899087160844602522e+02 9.906783399955493223e+02
1.703498506546020508e+01 9.901105981709806656e+02 9.906783399955493223e+02
1.706704401969909668e+01 9.903180095457275911e+02 9.906783399955493223e+02
1.710398840904235840e+01 9.905182788504529299e+02 9.906783399955493223e+02
1.713938832283020020e+01 9.906352713917815436e+02 9.906783399955493223e+02
1.717306447029113770e+01 9.907626661621120547e+02 9.906783399955493223e+02
1.720592832565307617e+01 9.908299243701844716e+02 9.906783399955493223e+02
1.723952937126159668e+01 9.911783559038076419e+02 9.906783399955493223e+02
1.727251577377319336e+01 9.910671281277427624e+02 9.906783399955493223e+02
1.730576229095458984e+01 9.910885134296643173e+02 9.906783399955493223e+02
1.733915328979492188e+01 9.911108809230642009e+02 9.906783399955493223e+02
1.737224483489990234e+01 9.911403902863988833e+02 9.906783399955493223e+02
1.740682101249694824e+01 9.912563769686598789e+02 9.906783399955493223e+02
1.743915820121765137e+01 9.913239594550993843e+02 9.906783399955493223e+02
1.747235226631164551e+01 9.913289657435834670e+02 9.906783399955493223e+02
1.750585579872131348e+01 9.914007391533533564e+02 9.906783399955493223e+02
1.753927087783813477e+01 9.915240360770139887e+02 9.906783399955493223e+02
1.757309913635253906e+01 9.916977849521696271e+02 9.906783399955493223e+02
1.760572338104248047e+01 9.918285383336420864e+02 9.906783399955493223e+02
1.763885879516601562e+01 9.920142054444127098e+02 9.906783399955493223e+02
1.767259693145751953e+01 9.922376377592631798e+02 9.906783399955493223e+02
1.770634603500366211e+01 9.924385543753212460e+02 9.906783399955493223e+02
1.773265552520751953e+01 9.926807601437194535e+02 9.906783399955493223e+02
1.776677155494689941e+01 9.929226448174493953e+02 9.906783399955493223e+02
1.780718040466308594e+01 9.931735138557991149e+02 9.906783399955493223e+02
1.783242845535278320e+01 9.933586547648056921e+02 9.906783399955493223e+02
1.786709809303283691e+01 9.935419819374963026e+02 9.906783399955493223e+02
1.789881038665771484e+01 9.936908703593577457e+02 9.906783399955493223e+02
1.793233871459960938e+01 9.939279759579912934e+02 9.906783399955493223e+02
1.796534442901611328e+01 9.941007610635798528e+02 9.906783399955493223e+02
1.800694036483764648e+01 9.942955104332284009e+02 9.906783399955493223e+02
1.803951859474182129e+01 9.944948972856358296e+02 9.906783399955493223e+02
1.807372045516967773e+01 9.946861934086101655e+02 9.906783399955493223e+02
1.810682392120361328e+01 9.947403474090506279e+02 9.906783399955493223e+02
1.814024233818054199e+01 9.948270551656547696e+02 9.906783399955493223e+02
1.817339801788330078e+01 9.950050680338482607e+02 9.906783399955493223e+02
1.820699286460876465e+01 9.951326128883519004e+02 9.906783399955493223e+02
1.824014687538146973e+01 9.952329639876423926e+02 9.906783399955493223e+02
1.827339029312133789e+01 9.953877278401465674e+02 9.906783399955493223e+02
1.830665469169616699e+01 9.955860425249389891e+02 9.906783399955493223e+02
1.834056687355041504e+01 9.959220861656724537e+02 9.906783399955493223e+02
1.837389278411865234e+01 9.960223018946803677e+02 9.906783399955493223e+02
1.840697073936462402e+01 9.960784078969783195e+02 9.906783399955493223e+02
1.843711066246032715e+01 9.962741406614734387e+02 9.906783399955493223e+02
1.847061419486999512e+01 9.963269442723109250e+02 9.906783399955493223e+02
1.850556206703186035e+01 9.964407752580041233e+02 9.906783399955493223e+02
1.853930616378784180e+01 9.964027131326524795e+02 9.906783399955493223e+02
1.857305645942687988e+01 9.964183468044990377e+02 9.906783399955493223e+02
1.860567784309387207e+01 9.965035824025245574e+02 9.906783399955493223e+02
1.863915014266967773e+01 9.964892444771628561e+02 9.906783399955493223e+02
1.867230176925659180e+01 9.966386027621791754e+02 9.906783399955493223e+02
1.870593976974487305e+01 9.965787959186261560e+02 9.906783399955493223e+02
1.873949456214904785e+01 9.966304580862098419e+02 9.906783399955493223e+02
1.877268433570861816e+01 9.966378920445071117e+02 9.906783399955493223e+02
1.880599999427795410e+01 9.966096718409627329e+02 9.906783399955493223e+02
1.883928561210632324e+01 9.965666946496638730e+02 9.906783399955493223e+02
1.886650180816650391e+01 9.964937977406244727e+02 9.906783399955493223e+02
1.889894175529479980e+01 9.964383793303791208e+02 9.906783399955493223e+02
1.893214273452758789e+01 9.963005340237043583e+02 9.906783399955493223e+02
1.896588611602783203e+01 9.962812807368172798e+02 9.906783399955493223e+02
1.900629067420959473e+01 9.962852035535837558e+02 9.906783399955493223e+02
1.904013538360595703e+01 9.964594518146149085e+02 9.906783399955493223e+02
1.907322549819946289e+01 9.964814167301861971e+02 9.906783399955493223e+02
1.910676884651184082e+01 9.965377627378909438e+02 9.906783399955493223e+02
1.914058232307434082e+01 9.965899095309149516e+02 9.906783399955493223e+02
1.917290449142456055e+01 9.966269083405964011e+02 9.906783399955493223e+02
1.920667147636413574e+01 9.966437601147788428e+02 9.906783399955493223e+02
1.924082636833190918e+01 9.966330851132011048e+02 9.906783399955493223e+02
1.927373766899108887e+01 9.965799111829649064e+02 9.906783399955493223e+02
1.930737805366516113e+01 9.965577777184253137e+02 9.906783399955493223e+02
1.934021759033203125e+01 9.965081463322463833e+02 9.906783399955493223e+02
1.937325263023376465e+01 9.964182434034779590e+02 9.906783399955493223e+02
1.940715932846069336e+01 9.961706373753258958e+02 9.906783399955493223e+02
1.943990373611450195e+01 9.961543717964706275e+02 9.906783399955493223e+02
1.947326564788818359e+01 9.960172526109182627e+02 9.906783399955493223e+02
1.950657868385314941e+01 9.958797315925556859e+02 9.906783399955493223e+02
1.954003739356994629e+01 9.958489584905363472e+02 9.906783399955493223e+02
1.957443857192993164e+01 9.957680498009520988e+02 9.906783399955493223e+02
1.960703516006469727e+01 9.957231789493073393e+02 9.906783399955493223e+02
1.964024209976196289e+01 9.956069441647783833e+02 9.906783399955493223e+02
1.967074704170227051e+01 9.955531505247890891e+02 9.906783399955493223e+02
1.970362186431884766e+01 9.954625309021648718e+02 9.906783399955493223e+02
1.973213219642639160e+01 9.953096079905798206e+02 9.906783399955493223e+02
1.976628422737121582e+01 9.952141579637252562e+02 9.906783399955493223e+02
1.980544257164001465e+01 9.950592937417894746e+02 9.906783399955493223e+02
1.983997178077697754e+01 9.948866166524460368e+02 9.906783399955493223e+02
1.987292599678039551e+01 9.947684631861990283e+02 9.906783399955493223e+02
1.989852881431579590e+01 9.946900651775656570e+02 9.906783399955493223e+02
1.993185019493103027e+01 9.945945424557502292e+02 9.906783399955493223e+02
1.996516942977905273e+01 9.944788521307116298e+02 9.906783399955493223e+02
2.000344491004943848e+01 9.943598393971411724e+02 9.906783399955493223e+02
2.004007792472839355e+01 9.943348184105093424e+02 9.906783399955493223e+02
2.007312369346618652e+01 9.942732548730621147e+02 9.906783399955493223e+02
2.010655617713928223e+01 9.941443106231306501e+02 9.906783399955493223e+02
2.014024400711059570e+01 9.939272944004295596e+02 9.906783399955493223e+02
2.017362070083618164e+01 9.938768335204231335e+02 9.906783399955493223e+02
2.020678949356079102e+01 9.936082241709424352e+02 9.906783399955493223e+02
2.024041342735290527e+01 9.933630714395088717e+02 9.906783399955493223e+02
2.027317547798156738e+01 9.931642181820521955e+02 9.906783399955493223e+02
2.030679440498352051e+01 9.928811638610611681e+02 9.906783399955493223e+02
2.034058332443237305e+01 9.926719595464559234e+02 9.906783399955493223e+02
2.037368988990783691e+01 9.924755299505591211e+02 9.906783399955493223e+02
2.040645503997802734e+01 9.922544405165178887e+02 9.906783399955493223e+02
2.044103908538818359e+01 9.920706137457597151e+02 9.906783399955493223e+02
2.047382950782775879e+01 9.918941263387492882e+02 9.906783399955493223e+02
2.049826598167419434e+01 9.917385691437311834e+02 9.906783399955493223e+02
2.054017138481140137e+01 9.915770045325153887e+02 9.906783399955493223e+02
2.057402348518371582e+01 9.916216483737331373e+02 9.906783399955493223e+02
2.060632538795471191e+01 9.916437230847731144e+02 9.906783399955493223e+02
2.063980698585510254e+01 9.915093566545093609e+02 9.906783399955493223e+02
2.067446732521057129e+01 9.914080209415069476e+02 9.906783399955493223e+02
2.070668029785156250e+01 9.911380033796372118e+02 9.906783399955493223e+02
2.073991012573242188e+01 9.910312188298154297e+02 9.906783399955493223e+02
2.077367258071899414e+01 9.909903088840586634e+02 9.906783399955493223e+02
2.080708074569702148e+01 9.908390461047580402e+02 9.906783399955493223e+02
2.084054088592529297e+01 9.907584351856826288e+02 9.906783399955493223e+02
2.087338447570800781e+01 9.908076688384751378e+02 9.906783399955493223e+02
2.089894223213195801e+01 9.908976630679934487e+02 9.906783399955493223e+02
2.093178153038024902e+01 9.909086655094209846e+02 9.906783399955493223e+02
2.096524906158447266e+01 9.908517679788079704e+02 9.906783399955493223e+02
2.100187444686889648e+01 9.909273118897356198e+02 9.906783399955493223e+02
2.104000377655029297e+01 9.909162616250980591e+02 9.906783399955493223e+02
2.107346177101135254e+01 9.910227815313737665e+02 9.906783399955493223e+02
2.110372734069824219e+01 9.911619843487934531e+02 9.906783399955493223e+02
2.114119958877563477e+01 9.912252992572282437e+02 9.906783399955493223e+02
2.117418003082275391e+01 9.913234470714112376e+02 9.906783399955493223e+02
2.120639371871948242e+01 9.913551600659835685e+02 9.906783399955493223e+02
2.124039053916931152e+01 9.914980875904617506e+02 9.906783399955493223e+02
2.127383112907409668e+01 9.917520720335803617e+02 9.906783399955493223e+02
2.130686140060424805e+01 9.919562189996157713e+02 9.906783399955493223e+02
2.133846974372863770e+01 9.920163954847378136e+02 9.906783399955493223e+02
2.136766195297241211e+01 9.922695069235143137e+02 9.906783399955493223e+02
2.140689301490783691e+01 9.924463545592243463e+02 9.906783399955493223e+02
2.144023132324218750e+01 9.926997667056639330e+02 9.906783399955493223e+02
2.147322773933410645e+01 9.928846653391025256e+02 9.906783399955493223e+02
2.150724506378173828e+01 9.934291271797254694e+02 9.906783399955493223e+02
2.154013180732727051e+01 9.935884151563685691e+02 9.906783399955493223e+02
2.157317662239074707e+01 9.938690818469831356e+02 9.906783399955493223e+02
2.160659193992614746e+01 9.939091962683223755e+02 9.906783399955493223e+02
2.164012789726257324e+01 9.942765902120243027e+02 9.906783399955493223e+02
2.166559410095214844e+01 9.944202965789792188e+02 9.906783399955493223e+02
2.169986009597778320e+01 9.944333030504734552e+02 9.906783399955493223e+02
2.173484182357788086e+01 9.945625983239365269e+02 9.906783399955493223e+02
2.177301645278930664e+01 9.948139992614150060e+02 9.906783399955493223e+02
2.180596041679382324e+01 9.949820107052851199e+02 9.906783399955493223e+02
2.184034180641174316e+01 9.952337536063588459e+02 9.906783399955493223e+02
2.187246775627136230e+01 9.955073720936693462e+02 9.906783399955493223e+02
2.190080642700195312e+01 9.957952128218130383e+02 9.906783399955493223e+02
2.193209171295166016e+01 9.960500436580055066e+02 9.906783399955493223e+02
2.196560001373291016e+01 9.962479201864268816e+02 9.906783399955493223e+02
2.200131797790527344e+01 9.965533562521612794e+02 9.906783399955493223e+02
2.203928470611572266e+01 9.966939544171059424e+02 9.906783399955493223e+02
2.207305908203125000e+01 9.968860563253379041e+02 9.906783399955493223e+02
2.210642218589782715e+01 9.969936593894476573e+02 9.906783399955493223e+02
2.214043164253234863e+01 9.971287854351874103e+02 9.906783399955493223e+02
2.217336297035217285e+01 9.972561366064368258e+02 9.906783399955493223e+02
2.220728778839111328e+01 9.973614393964384135e+02 9.906783399955493223e+02
2.224000310897827148e+01 9.975274960977396859e+02 9.906783399955493223e+02
2.227287745475769043e+01 9.977250442351883066e+02 9.906783399955493223e+02
2.230670499801635742e+01 9.977173401724465975e+02 9.906783399955493223e+02
2.234024143218994141e+01 9.977838113427726512e+02 9.906783399955493223e+02
2.237318873405456543e+01 9.979307561508138633e+02 9.906783399955493223e+02
2.240676856040954590e+01 9.979671968326847491e+02 9.906783399955493223e+02
2.243974924087524414e+01 9.980618479331448043e+02 9.906783399955493223e+02
2.247353720664978027e+01 9.981041551995538157e+02 9.906783399955493223e+02
2.250672793388366699e+01 9.982355553374317196e+02 9.906783399955493223e+02
2.253717041015625000e+01 9.983496354738402943e+02 9.906783399955493223e+02
2.257036256790161133e+01 9.985460705206983221e+02 9.906783399955493223e+02
2.260380315780639648e+01 9.983943930494034475e+02 9.906783399955493223e+02
2.263950490951538086e+01 9.984072764449373381e+02 9.906783399955493223e+02
2.267236709594726562e+01 9.983198821004521051e+02 9.906783399955493223e+02
2.270629525184631348e+01 9.983310896206334064e+02 9.906783399955493223e+02
2.273233747482299805e+01 9.983119077494428666e+02 9.906783399955493223e+02
2.276621937751770020e+01 9.983829050771111042e+02 9.906783399955493223e+02
2.280370736122131348e+01 9.982022207566113821e+02 9.906783399955493223e+02
2.284150528907775879e+01 9.980142452768425301e+02 9.906783399955493223e+02
2.287409782409667969e+01 9.978805737633907711e+02 9.906783399955493223e+02
2.290460419654846191e+01 9.976510980979589931e+02 9.906783399955493223e+02
2.293355274200439453e+01 9.973192348190791563e+02 9.906783399955493223e+02
2.296547365188598633e+01 9.970765104607349940e+02 9.906783399955493223e+02
2.300111317634582520e+01 9.969030256116790270e+02 9.906783399955493223e+02
2.303880977630615234e+01 9.966566162732170824e+02 9.906783399955493223e+02
2.307283663749694824e+01 9.963535651874733503e+02 9.906783399955493223e+02
2.310690498352050781e+01 9.961181588858115674e+02 9.906783399955493223e+02
2.314013290405273438e+01 9.957848538311291122e+02 9.906783399955493223e+02
2.317383170127868652e+01 9.955301686990734424e+02 9.906783399955493223e+02
2.320742368698120117e+01 9.952071612076941847e+02 9.906783399955493223e+02
2.324025225639343262e+01 9.948244776718651110e+02 9.906783399955493223e+02
2.327440285682678223e+01 9.944346611692046736e+02 9.906783399955493223e+02
2.330678367614746094e+01 9.939897167906112827e+02 9.906783399955493223e+02
2.334032297134399414e+01 9.935706995691789416e+02 9.906783399955493223e+02
2.337306404113769531e+01 9.932642549234158196e+02 9.906783399955493223e+02
2.340692520141601562e+01 9.927525113600636359e+02 9.906783399955493223e+02
2.344003772735595703e+01 9.924265789407660350e+02 9.906783399955493223e+02
2.347416019439697266e+01 9.922261138095863089e+02 9.906783399955493223e+02
2.350714254379272461e+01 9.920108606415466284e+02 9.906783399955493223e+02
2.353995561599731445e+01 9.916165889944855962e+02 9.906783399955493223e+02
2.357409763336181641e+01 9.914358436485470065e+02 9.906783399955493223e+02
2.360686993598937988e+01 9.912684623413117606e+02 9.906783399955493223e+02
2.363991761207580566e+01 9.911820477173765767e+02 9.906783399955493223e+02
2.367375755310058594e+01 9.909914065994277053e+02 9.906783399955493223e+02
2.370688104629516602e+01 9.907848446688545891e+02 9.906783399955493223e+02
2.373563408851623535e+01 9.906195380915171427e+02 9.906783399955493223e+02
2.377036070823669434e+01 9.905197060682558003e+02 9.906783399955493223e+02
2.380756139755249023e+01 9.904188159525458559e+02 9.906783399955493223e+02
2.384120297431945801e+01 9.903380473327509890e+02 9.906783399955493223e+02
2.387412023544311523e+01 9.902931905115814288e+02 9.906783399955493223e+02
2.390592908859252930e+01 9.903141014478263742e+02 9.906783399955493223e+02
2.393225646018981934e+01 9.903658704013043916e+02 9.906783399955493223e+02
2.396540904045104980e+01 9.904413611450851249e+02 9.906783399955493223e+02
2.399813008308410645e+01 9.908542466019379162e+02 9.906783399955493223e+02
2.403891348838806152e+01 9.910887961755603328e+02 9.906783399955493223e+02
2.407260704040527344e+01 9.914075285134719024e+02 9.906783399955493223e+02
2.410683441162109375e+01 9.913756151167024200e+02 9.906783399955493223e+02
2.414051818847656250e+01 9.917542161375232581e+02 9.906783399955493223e+02
2.417333197593688965e+01 9.921331695265630515e+02 9.906783399955493223e+02
2.420682048797607422e+01 9.923652596534766417e+02 9.906783399955493223e+02
2.423971033096313477e+01 9.928061935067227068e+02 9.906783399955493223e+02
2.427427935600280762e+01 9.931372718185360782e+02 9.906783399955493223e+02
2.430665755271911621e+01 9.936482927184700884e+02 9.906783399955493223e+02
2.433694291114807129e+01 9.940627807152142168e+02 9.906783399955493223e+02
2.437429571151733398e+01 9.945111593748116547e+02 9.906783399955493223e+02
2.440740346908569336e+01 9.949271833028689116e+02 9.906783399955493223e+02
2.444036602973937988e+01 9.952820119594367725e+02 9.906783399955493223e+02
2.447369194030761719e+01 9.956909161432027986e+02 9.906783399955493223e+02
2.450645065307617188e+01 9.959632564707380880e+02 9.906783399955493223e+02
2.454028439521789551e+01 9.960736061922355020e+02 9.906783399955493223e+02
2.457327055931091309e+01 9.965845348850089067e+02 9.906783399955493223e+02
2.460682702064514160e+01 9.966905759386896761e+02 9.906783399955493223e+02
2.463228774070739746e+01 9.967640373119063497e+02 9.906783399955493223e+02
2.466596388816833496e+01 9.968576455245236048e+02 9.906783399955493223e+02
2.470058536529541016e+01 9.969669556289793491e+02 9.906783399955493223e+02
2.474159932136535645e+01 9.969668265571517622e+02 9.906783399955493223e+02
2.476557326316833496e+01 9.968896343367860027e+02 9.906783399955493223e+02
2.480126070976257324e+01 9.968693605198013756e+02 9.906783399955493223e+02
2.484066891670227051e+01 9.967821292347696271e+02 9.906783399955493223e+02
2.487486147880554199e+01 9.967016935312055921e+02 9.906783399955493223e+02
2.490051627159118652e+01 9.966209187553038191e+02 9.906783399955493223e+02
2.493198418617248535e+01 9.965989726278754688e+02 9.906783399955493223e+02
2.496524524688720703e+01 9.964697089568804813e+02 9.906783399955493223e+02
2.499830317497253418e+01 9.963367509964886040e+02 9.906783399955493223e+02
2.503929519653320312e+01 9.961658022678851694e+02 9.906783399955493223e+02
2.507318282127380371e+01 9.960498183400391099e+02 9.906783399955493223e+02
2.510364818572998047e+01 9.960542032200978610e+02 9.906783399955493223e+02
2.513696861267089844e+01 9.959353147410874953e+02 9.906783399955493223e+02
2.517029118537902832e+01 9.958386572242739021e+02 9.906783399955493223e+02
2.519954252243041992e+01 9.957832028834693574e+02 9.906783399955493223e+02
2.523216152191162109e+01 9.957190680237411016e+02 9.906783399955493223e+02
2.526616668701171875e+01 9.957315273102028641e+02 9.906783399955493223e+02
2.530069351196289062e+01 9.957839730618275098e+02 9.906783399955493223e+02
2.533392143249511719e+01 9.956376506054712081e+02 9.906783399955493223e+02
2.537364578247070312e+01 9.957670186359933950e+02 9.906783399955493223e+02
2.540765142440795898e+01 9.959612403849303064e+02 9.906783399955493223e+02
2.544130206108093262e+01 9.960910293829379043e+02 9.906783399955493223e+02
2.547442984580993652e+01 9.963559514160600656e+02 9.906783399955493223e+02
2.549872612953186035e+01 9.967789972065139636e+02 9.906783399955493223e+02
2.553263473510742188e+01 9.970170063816055972e+02 9.906783399955493223e+02
2.556848216056823730e+01 9.972554358772563319e+02 9.906783399955493223e+02
2.560791587829589844e+01 9.974109299590039655e+02 9.906783399955493223e+02
2.563222932815551758e+01 9.975296788567201247e+02 9.906783399955493223e+02
2.566654610633850098e+01 9.977199627280169807e+02 9.906783399955493223e+02
2.570783066749572754e+01 9.978444464799239313e+02 9.906783399955493223e+02
2.574141168594360352e+01 9.979982473866797363e+02 9.906783399955493223e+02
2.576532363891601562e+01 9.980577839030562473e+02 9.906783399955493223e+02
2.580793929100036621e+01 9.981509965772077067e+02 9.906783399955493223e+02
2.584112191200256348e+01 9.982704909366484571e+02 9.906783399955493223e+02
2.587178301811218262e+01 9.983584443352536937e+02 9.906783399955493223e+02
2.590764427185058594e+01 9.983835678831400173e+02 9.906783399955493223e+02
2.593243408203125000e+01 9.983093464623198088e+02 9.906783399955493223e+02
2.596604633331298828e+01 9.982635053763334554e+02 9.906783399955493223e+02
2.599877524375915527e+01 9.980526729903475598e+02 9.906783399955493223e+02
2.604005646705627441e+01 9.980151550517730357e+02 9.906783399955493223e+02
2.607326793670654297e+01 9.977999447383609777e+02 9.906783399955493223e+02
2.610703063011169434e+01 9.975832607124085598e+02 9.906783399955493223e+02
2.614031171798706055e+01 9.974359179050783268e+02 9.906783399955493223e+02
2.617393112182617188e+01 9.973833643770803974e+02 9.906783399955493223e+02
2.620691108703613281e+01 9.972190313115755771e+02 9.906783399955493223e+02
2.623994565010070801e+01 9.970779225801480834e+02 9.906783399955493223e+02
2.627342748641967773e+01 9.969785774770302851e+02 9.906783399955493223e+02
2.630746436119079590e+01 9.969616706857567578e+02 9.906783399955493223e+02
2.634040665626525879e+01 9.968778329639735603e+02 9.906783399955493223e+02
2.637321329116821289e+01 9.970659680363489770e+02 9.906783399955493223e+02
2.640659070014953613e+01 9.968561377911706813e+02 9.906783399955493223e+02
2.644023275375366211e+01 9.968921373871550031e+02 9.906783399955493223e+02
2.647308278083801270e+01 9.970669463032343174e+02 9.906783399955493223e+02
2.650374388694763184e+01 9.970775106759725759e+02 9.906783399955493223e+02
2.653724217414855957e+01 9.970161178030867859e+02 9.906783399955493223e+02
2.657231950759887695e+01 9.971266640544575921e+02 9.906783399955493223e+02
2.660576772689819336e+01 9.970911653767727785e+02 9.906783399955493223e+02
2.663935637474060059e+01 9.972704713218535062e+02 9.906783399955493223e+02
2.667205452919006348e+01 9.974205022638750506e+02 9.906783399955493223e+02
2.670592403411865234e+01 9.975220859525295509e+02 9.906783399955493223e+02
2.673929572105407715e+01 9.976964377884950181e+02 9.906783399955493223e+02
2.677255296707153320e+01 9.977429161202398973e+02 9.906783399955493223e+02
2.680605888366699219e+01 9.978421851290182758e+02 9.906783399955493223e+02
2.683899140357971191e+01 9.979455305240177267e+02 9.906783399955493223e+02
2.687235784530639648e+01 9.980345038933296564e+02 9.906783399955493223e+02
2.690564417839050293e+01 9.981602703301105066e+02 9.906783399955493223e+02
2.693203687667846680e+01 9.981435954788109939e+02 9.906783399955493223e+02
2.696546220779418945e+01 9.981666519209688886e+02 9.906783399955493223e+02
2.699805283546447754e+01 9.981865211595054461e+02 9.906783399955493223e+02
2.703876447677612305e+01 9.982286066731563778e+02 9.906783399955493223e+02
2.707276010513305664e+01 9.980708338243380240e+02 9.906783399955493223e+02
2.710653471946716309e+01 9.979785608707126130e+02 9.906783399955493223e+02
2.714068984985351562e+01 9.979460435415312531e+02 9.906783399955493223e+02
2.717326354980468750e+01 9.978483724987080450e+02 9.906783399955493223e+02
2.720651388168334961e+01 9.976416343767103854e+02 9.906783399955493223e+02
2.724028420448303223e+01 9.973858411763969798e+02 9.906783399955493223e+02
2.727333092689514160e+01 9.972126546196308254e+02 9.906783399955493223e+02
2.730652856826782227e+01 9.969752100774358041e+02 9.906783399955493223e+02
2.734044075012207031e+01 9.967625739400195926e+02 9.906783399955493223e+02
2.737374234199523926e+01 9.964291044561505259e+02 9.906783399955493223e+02
2.740726351737976074e+01 9.961936785667098775e+02 9.906783399955493223e+02
2.744121098518371582e+01 9.957229245812665113e+02 9.906783399955493223e+02
2.747369670867919922e+01 9.952453111874566503e+02 9.906783399955493223e+02
2.750749087333679199e+01 9.949393087953985741e+02 9.906783399955493223e+02
2.754065513610839844e+01 9.946231425167056841e+02 9.906783399955493223e+02
2.757403159141540527e+01 9.943125824051234076e+02 9.906783399955493223e+02
2.760750913619995117e+01 9.940915621103113153e+02 9.906783399955493223e+02
2.764017653465270996e+01 9.936356892673021548e+02 9.906783399955493223e+02
2.767346477508544922e+01 9.931297947602640761e+02 9.906783399955493223e+02
2.770674729347229004e+01 9.927347648381110048e+02 9.906783399955493223e+02
2.773415803909301758e+01 9.922731487879593715e+02 9.906783399955493223e+02
2.776628088951110840e+01 9.919574539271704907e+02 9.906783399955493223e+02
2.780205917358398438e+01 9.916274146977400505e+02 9.906783399955493223e+02
2.784153056144714355e+01 9.912859596153361963e+02 9.906783399955493223e+02
2.787559413909912109e+01 9.910011875039253937e+02 9.906783399955493223e+02
2.790786480903625488e+01 9.908761797483903138e+02 9.906783399955493223e+02
2.793184041976928711e+01 9.905668619330637057e+02 9.906783399955493223e+02
2.796577501296997070e+01 9.902000613530419741e+02 9.906783399955493223e+02
2.799924278259277344e+01 9.900548840954385241e+02 9.906783399955493223e+02
2.803935670852661133e+01 9.898257637341165491e+02 9.906783399955493223e+02
2.807343840599060059e+01 9.898152782087973947e+02 9.906783399955493223e+02
2.810712862014770508e+01 9.897161835127387803e+02 9.906783399955493223e+02
2.814033293724060059e+01 9.897306488384122076e+02 9.906783399955493223e+02
2.817349314689636230e+01 9.897951388937360662e+02 9.906783399955493223e+02
2.820698070526123047e+01 9.898549857924614344e+02 9.906783399955493223e+02
2.824037599563598633e+01 9.898981493272161742e+02 9.906783399955493223e+02
2.827324151992797852e+01 9.900457463582642958e+02 9.906783399955493223e+02
2.830674123764038086e+01 9.902176872779214136e+02 9.906783399955493223e+02
2.833722519874572754e+01 9.904567772188059962e+02 9.906783399955493223e+02
2.837073063850402832e+01 9.905356028753421924e+02 9.906783399955493223e+02
2.840407204627990723e+01 9.907904279622242711e+02 9.906783399955493223e+02
2.843919157981872559e+01 9.908888590861314469e+02 9.906783399955493223e+02
2.847251963615417480e+01 9.910525981702234048e+02 9.906783399955493223e+02
2.850595855712890625e+01 9.914154076175583441e+02 9.906783399955493223e+02
2.853960561752319336e+01 9.915663111180469969e+02 9.906783399955493223e+02
2.857302141189575195e+01 9.915856024611122166e+02 9.906783399955493223e+02
2.860628080368041992e+01 9.917766099174650662e+02 9.906783399955493223e+02
2.863939666748046875e+01 9.919826312314401093e+02 9.906783399955493223e+02
2.867246055603027344e+01 9.921348836113744483e+02 9.906783399955493223e+02
2.870616316795349121e+01 9.923363910688036640e+02 9.906783399955493223e+02
2.873948097229003906e+01 9.927465654201797634e+02 9.906783399955493223e+02
2.876564145088195801e+01 9.928315574165206954e+02 9.906783399955493223e+02
2.879934239387512207e+01 9.929064966199341598e+02 9.906783399955493223e+02
2.883612561225891113e+01 9.931235469199339150e+02 9.906783399955493223e+02
2.887426924705505371e+01 9.933131453468926111e+02 9.906783399955493223e+02
2.890764737129211426e+01 9.934356424205304847e+02 9.906783399955493223e+02
2.893197250366210938e+01 9.936567504060026295e+02 9.906783399955493223e+02
2.896560549736022949e+01 9.938494537536278131e+02 9.906783399955493223e+02
2.899852323532104492e+01 9.940298940794522196e+02 9.906783399955493223e+02
2.903874182701110840e+01 9.942125385296266131e+02 9.906783399955493223e+02
2.907319831848144531e+01 9.944865360097754774e+02 9.906783399955493223e+02
2.910685777664184570e+01 9.945845104981510758e+02 9.906783399955493223e+02
2.914007472991943359e+01 9.947690276732611210e+02 9.906783399955493223e+02
2.917331409454345703e+01 9.949022392055180717e+02 9.906783399955493223e+02
2.920664906501770020e+01 9.951278428808910803e+02 9.906783399955493223e+02
2.924061560630798340e+01 9.951652056319585427e+02 9.906783399955493223e+02
2.927315783500671387e+01 9.951037197300109938e+02 9.906783399955493223e+02
2.930729651451110840e+01 9.952360600242276405e+02 9.906783399955493223e+02
2.933972549438476562e+01 9.953217180260693340e+02 9.906783399955493223e+02
2.937301874160766602e+01 9.952377335953179909e+02 9.906783399955493223e+02
2.940694475173950195e+01 9.952327364129662328e+02 9.906783399955493223e+02
2.944007945060729980e+01 9.954661730743226826e+02 9.906783399955493223e+02
2.947325348854064941e+01 9.955333848765174025e+02 9.906783399955493223e+02
2.950686383247375488e+01 9.956887239481869756e+02 9.906783399955493223e+02
2.953684997558593750e+01 9.957374144527756243e+02 9.906783399955493223e+02
2.957261157035827637e+01 9.957960091400013880e+02 9.906783399955493223e+02
2.960578727722167969e+01 9.958158057413712640e+02 9.906783399955493223e+02
2.963890457153320312e+01 9.959836525885610854e+02 9.906783399955493223e+02
2.967283058166503906e+01 9.960657104149996712e+02 9.906783399955493223e+02
2.970598435401916504e+01 9.962383169314979341e+02 9.906783399955493223e+02
2.973909378051757812e+01 9.965040233841083364e+02 9.906783399955493223e+02
2.976565337181091309e+01 9.968499242558998503e+02 9.906783399955493223e+02
2.980056667327880859e+01 9.971646089108692195e+02 9.906783399955493223e+02
2.984085631370544434e+01 9.974497590125439501e+02 9.906783399955493223e+02
2.987406301498413086e+01 9.977200745259402765e+02 9.906783399955493223e+02
2.990775847434997559e+01 9.980256659959844683e+02 9.906783399955493223e+02
2.993262124061584473e+01 9.983053126635010130e+02 9.906783399955493223e+02
2.996527338027954102e+01 9.986842895944579368e+02 9.906783399955493223e+02
2.999899244308471680e+01 9.991272650740691006e+02 9.906783399955493223e+02
3.003790593147277832e+01 9.995030308847885863e+02 1.906783399955493223e+02
3.007364821434020996e+01 9.996676767013580047e+02 1.906783399955493223e+02
3.010731410980224609e+01 9.997850411177500973e+02 1.906783399955493223e+02
3.013972640037536621e+01 9.970836584294364684e+02 1.906783399955493223e+02
3.017338800430297852e+01 9.909867221227815435e+02 1.906783399955493223e+02
3.020647144317626953e+01 9.803344389291287371e+02 1.906783399955493223e+02
3.024016714096069336e+01 9.650687177238150980e+02 1.906783399955493223e+02
3.027309274673461914e+01 9.444647943602134319e+02 1.906783399955493223e+02
3.030711770057678223e+01 9.186351848914251832e+02 1.906783399955493223e+02
3.034057116508483887e+01 8.872068514858498247e+02 1.906783399955493223e+02
3.037298393249511719e+01 8.507067523511373111e+02 1.906783399955493223e+02
3.040673327445983887e+01 8.097142622665616045e+02 1.906783399955493223e+02
3.044020962715148926e+01 7.646152908318771324e+02 1.906783399955493223e+02
3.047415494918823242e+01 7.167488903126408104e+02 1.906783399955493223e+02
3.049831676483154297e+01 6.657053192193798168e+02 1.906783399955493223e+02
3.054108095169067383e+01 6.135743171551422392e+02 1.906783399955493223e+02
3.057459306716918945e+01 5.612963793331263105e+02 1.906783399955493223e+02
3.060745620727539062e+01 5.088311583616369376e+02 1.906783399955493223e+02
3.064113068580627441e+01 4.574863947175826411e+02 1.906783399955493223e+02
3.067110872268676758e+01 4.072691552847555272e+02 1.906783399955493223e+02
3.070457625389099121e+01 3.587325467377017389e+02 1.906783399955493223e+02
3.073751711845397949e+01 3.114777463627823977e+02 1.906783399955493223e+02
3.077114391326904297e+01 2.658692831635280527e+02 1.906783399955493223e+02
3.080467462539672852e+01 2.226024070140937283e+02 1.906783399955493223e+02
3.083742499351501465e+01 1.795346282340341304e+02 1.906783399955493223e+02
3.087097883224487305e+01 1.384771793227406249e+02 1.906783399955493223e+02
3.090527105331420898e+01 9.843193481578902038e+01 1.906783399955493223e+02
3.093177843093872070e+01 6.013282242876136507e+01 1.906783399955493223e+02
3.096547722816467285e+01 2.337853144733382038e+01 1.906783399955493223e+02
3.099868297576904297e+01 -9.585317904363975572e+00 1.906783399955493223e+02
3.103964948654174805e+01 -1.530398638070928463e+01 1.906783399955493223e+02
3.107279253005981445e+01 2.137953095250090385e+01 1.906783399955493223e+02
3.110615015029907227e+01 4.156724596777846870e+01 1.906783399955493223e+02
3.113574481010437012e+01 6.117848487242122246e+01 1.906783399955493223e+02
3.117028045654296875e+01 7.844974091677777039e+01 1.906783399955493223e+02
3.120538115501403809e+01 9.261346243356474872e+01 1.906783399955493223e+02
3.123856496810913086e+01 1.039762995406269255e+02 1.906783399955493223e+02
3.127200269699096680e+01 1.135756461484974125e+02 1.906783399955493223e+02
3.130510711669921875e+01 1.210312833974290641e+02 1.906783399955493223e+02
3.133825969696044922e+01 1.273350033682257134e+02 1.906783399955493223e+02
3.137137866020202637e+01 1.323686944828868661e+02 1.906783399955493223e+02
3.140450048446655273e+01 1.361641934935125278e+02 1.906783399955493223e+02
3.143777418136596680e+01 1.391172072655821239e+02 1.906783399955493223e+02
3.147107005119323730e+01 1.415163654023724575e+02 1.906783399955493223e+02
3.150521183013916016e+01 1.438389953032686037e+02 1.906783399955493223e+02
3.153837537765502930e+01 1.454999265384250577e+02 1.906783399955493223e+02
3.157162976264953613e+01 1.468194406012152058e+02 1.906783399955493223e+02
3.160502195358276367e+01 1.484434720374314054e+02 1.906783399955493223e+02
3.163807320594787598e+01 1.496947964312149111e+02 1.906783399955493223e+02
3.167132759094238281e+01 1.513036394778389422e+02 1.906783399955493223e+02
3.170498371124267578e+01 1.535265339997462490e+02 1.906783399955493223e+02
3.173824787139892578e+01 1.549393674903193983e+02 1.906783399955493223e+02
3.176641201972961426e+01 1.568181006478632185e+02 1.906783399955493223e+02
3.180124711990356445e+01 1.595767071173274019e+02 1.906783399955493223e+02
3.183681154251098633e+01 1.619026927129950764e+02 1.906783399955493223e+02
3.186596727371215820e+01 1.643676949448826292e+02 1.906783399955493223e+02
3.190133237838745117e+01 1.670587576962440437e+02 1.906783399955493223e+02
3.193174767494201660e+01 1.698202494670939018e+02 1.906783399955493223e+02
3.196511220932006836e+01 1.725134137347599221e+02 1.906783399955493223e+02
3.199867320060729980e+01 1.752368491870629441e+02 1.906783399955493223e+02
3.203223323822021484e+01 1.782102274780426399e+02 1.906783399955493223e+02
3.206617832183837891e+01 1.803760321020896242e+02 1.906783399955493223e+02
3.210053277015686035e+01 1.824703927666552090e+02 1.906783399955493223e+02
3.213257169723510742e+01 1.846697264292276373e+02 1.906783399955493223e+02
3.216830587387084961e+01 1.864657252826535228e+02 1.906783399955493223e+02
3.220765995979309082e+01 1.879137480653842260e+02 1.906783399955493223e+02
3.224088120460510254e+01 1.889886378724737597e+02 1.906783399955493223e+02
3.227426576614379883e+01 1.900168754518125240e+02 1.906783399955493223e+02
3.230761122703552246e+01 1.901966364744709210e+02 1.906783399955493223e+02
3.234090590476989746e+01 1.904854753789369965e+02 1.906783399955493223e+02
3.237371039390563965e+01 1.908532023815141940e+02 1.906783399955493223e+02
3.240737247467041016e+01 1.909941217943212166e+02 1.906783399955493223e+02
3.244093608856201172e+01 1.908363998183725982e+02 1.906783399955493223e+02
3.247447919845581055e+01 1.907480165348291052e+02 1.906783399955493223e+02
3.250776362419128418e+01 1.905115236167818580e+02 1.906783399955493223e+02
3.254197049140930176e+01 1.902529409810668426e+02 1.906783399955493223e+02
3.257098150253295898e+01 1.898770624895109052e+02 1.906783399955493223e+02
3.260449957847595215e+01 1.896374870882300172e+02 1.906783399955493223e+02
3.263830399513244629e+01 1.894941712658430220e+02 1.906783399955493223e+02
3.267322754859924316e+01 1.891365553840969653e+02 1.906783399955493223e+02
3.270667767524719238e+01 1.892754773534693129e+02 1.906783399955493223e+02
3.273987030982971191e+01 1.888183107173683197e+02 1.906783399955493223e+02
3.276585912704467773e+01 1.882279430997421343e+02 1.906783399955493223e+02
3.280010509490966797e+01 1.877715635149709215e+02 1.906783399955493223e+02
3.283622241020202637e+01 1.870296337014199253e+02 1.906783399955493223e+02
3.287399530410766602e+01 1.863472022969574482e+02 1.906783399955493223e+02
