6.800413131713867188e-02 1.215497702093154864e+01 1.012204828504902480e+03
1.010351181030273438e-01 1.214163419732895832e+01 1.012204828504902480e+03
1.377115249633789062e-01 1.227494200864399687e+01 1.012204828504902480e+03
1.679337024688720703e-01 1.232549643033702225e+01 1.012204828504902480e+03
2.050707340240478516e-01 1.231504058264914292e+01 1.012204828504902480e+03
2.346205711364746094e-01 1.232576854786884191e+01 1.012204828504902480e+03
2.680013179779052734e-01 1.251772114178037398e+01 1.012204828504902480e+03
3.012995719909667969e-01 1.345212059521062642e+01 1.012204828504902480e+03
3.341069221496582031e-01 1.551812233213352954e+01 1.012204828504902480e+03
3.650977611541748047e-01 1.942266657622361947e+01 1.012204828504902480e+03
3.984565734863281250e-01 2.479310304947457055e+01 1.012204828504902480e+03
4.340870380401611328e-01 3.119295168323224132e+01 1.012204828504902480e+03
4.673140048980712891e-01 3.920286644074290905e+01 1.012204828504902480e+03
5.006921291351318359e-01 4.831682081627953806e+01 1.012204828504902480e+03
5.274970531463623047e-01 5.810442548398692253e+01 1.012204828504902480e+03
5.606989860534667969e-01 6.863987278422710858e+01 1.012204828504902480e+03
5.938405990600585938e-01 7.945787867821570671e+01 1.012204828504902480e+03
6.333358287811279297e-01 9.037383726791721017e+01 1.012204828504902480e+03
6.676106452941894531e-01 1.014934280060698768e+02 1.012204828504902480e+03
7.012119293212890625e-01 1.127154645750349715e+02 1.012204828504902480e+03
7.349689006805419922e-01 1.240283066023823721e+02 1.012204828504902480e+03
7.681186199188232422e-01 1.354745426054808490e+02 1.012204828504902480e+03
8.008975982666015625e-01 1.468520120367902848e+02 1.012204828504902480e+03
8.349707126617431641e-01 1.579961893558150905e+02 1.012204828504902480e+03
8.677341938018798828e-01 1.690654849977611320e+02 1.012204828504902480e+03
9.014620780944824219e-01 1.802515790518540655e+02 1.012204828504902480e+03
9.345579147338867188e-01 1.912138046233182251e+02 1.012204828504902480e+03
9.688348770141601562e-01 2.020356062309884067e+02 1.012204828504902480e+03
1.001061916351318359e+00 2.128328276693397925e+02 1.012204828504902480e+03
1.034380197525024414e+00 2.235344640825577756e+02 1.012204828504902480e+03
1.068058729171752930e+00 2.341859307914215265e+02 1.012204828504902480e+03
1.101559400558471680e+00 2.446277431157860747e+02 1.012204828504902480e+03
1.135002613067626953e+00 2.551420755601336907e+02 1.012204828504902480e+03
1.168829441070556641e+00 2.658236682285962047e+02 1.012204828504902480e+03
1.201611042022705078e+00 2.762538915855681694e+02 1.012204828504902480e+03
1.235062360763549805e+00 2.867158233293396847e+02 1.012204828504902480e+03
1.268091201782226562e+00 2.972018933269962417e+02 1.012204828504902480e+03
1.301098823547363281e+00 3.076352199260724092e+02 1.012204828504902480e+03
1.334547758102416992e+00 3.181809890573287021e+02 1.012204828504902480e+03
1.362894773483276367e+00 3.286161118564863273e+02 1.012204828504902480e+03
1.396663904190063477e+00 3.392440115200186597e+02 1.012204828504902480e+03
1.434866905212402344e+00 3.498625570463723307e+02 1.012204828504902480e+03
1.461426973342895508e+00 3.603535429373521879e+02 1.012204828504902480e+03
1.496212720870971680e+00 3.709165858733099981e+02 1.012204828504902480e+03
1.527303695678710938e+00 3.817486666074499340e+02 1.012204828504902480e+03
1.560964822769165039e+00 3.924105825165589749e+02 1.012204828504902480e+03
1.594244241714477539e+00 4.032350525131607810e+02 1.012204828504902480e+03
1.627842903137207031e+00 4.140546350046196835e+02 1.012204828504902480e+03
1.663085699081420898e+00 4.249774110728108667e+02 1.012204828504902480e+03
1.694791793823242188e+00 4.359509679087781251e+02 1.012204828504902480e+03
1.728744506835937500e+00 4.470704818637938160e+02 1.012204828504902480e+03
1.762760877609252930e+00 4.582921842230123275e+02 1.012204828504902480e+03
1.794451951980590820e+00 4.693415292577896025e+02 1.012204828504902480e+03
1.829540014266967773e+00 4.808512873839426902e+02 1.012204828504902480e+03
1.869246721267700195e+00 4.921829460169824983e+02 1.012204828504902480e+03
1.902728557586669922e+00 5.037001751985390570e+02 1.012204828504902480e+03
1.935487031936645508e+00 5.151673568634081448e+02 1.012204828504902480e+03
1.969825267791748047e+00 5.268331084052878168e+02 1.012204828504902480e+03
1.999022245407104492e+00 5.385980381788141358e+02 1.012204828504902480e+03
2.032756090164184570e+00 5.502347488930769259e+02 1.012204828504902480e+03
2.066011905670166016e+00 5.619898797902075103e+02 1.012204828504902480e+03
2.099323987960815430e+00 5.740597710737439456e+02 1.012204828504902480e+03
2.133075714111328125e+00 5.860287168456625295e+02 1.012204828504902480e+03
2.168043851852416992e+00 5.978525631091169998e+02 1.012204828504902480e+03
2.201169967651367188e+00 6.099038653034008348e+02 1.012204828504902480e+03
2.234697580337524414e+00 6.216826441338654377e+02 1.012204828504902480e+03
2.267987728118896484e+00 6.337209236261734304e+02 1.012204828504902480e+03
2.302079916000366211e+00 6.457006780026939623e+02 1.012204828504902480e+03
2.335565090179443359e+00 6.577444932214174287e+02 1.012204828504902480e+03
2.361086845397949219e+00 6.694457407433151275e+02 1.012204828504902480e+03
2.394775152206420898e+00 6.813696224337242029e+02 1.012204828504902480e+03
2.431088209152221680e+00 6.932074117850132779e+02 1.012204828504902480e+03
2.469379425048828125e+00 7.047662612154682620e+02 1.012204828504902480e+03
2.502962112426757812e+00 7.163927069784901960e+02 1.012204828504902480e+03
2.527053356170654297e+00 7.278907270963928795e+02 1.012204828504902480e+03
2.560922622680664062e+00 7.392409850594286809e+02 1.012204828504902480e+03
2.594245910644531250e+00 7.505028467911620282e+02 1.012204828504902480e+03
2.632093429565429688e+00 7.618049955159090132e+02 1.012204828504902480e+03
2.669252634048461914e+00 7.728296967168037099e+02 1.012204828504902480e+03
2.702301025390625000e+00 7.836408767383009035e+02 1.012204828504902480e+03
2.735101938247680664e+00 7.946695809436807849e+02 1.012204828504902480e+03
2.769134521484375000e+00 8.054664301259230115e+02 1.012204828504902480e+03
2.801874160766601562e+00 8.159635842298964690e+02 1.012204828504902480e+03
2.835120677947998047e+00 8.264015911748887220e+02 1.012204828504902480e+03
2.869131565093994141e+00 8.368293436984988602e+02 1.012204828504902480e+03
2.902050971984863281e+00 8.470161428513994224e+02 1.012204828504902480e+03
2.934891223907470703e+00 8.571680324950912109e+02 1.012204828504902480e+03
2.968870878219604492e+00 8.670662147396627688e+02 1.012204828504902480e+03
3.002186059951782227e+00 8.768213177844520487e+02 1.012204828504902480e+03
3.035799980163574219e+00 8.862869391527525522e+02 1.012204828504902480e+03
3.068418979644775391e+00 8.955418808523389771e+02 1.012204828504902480e+03
3.102328300476074219e+00 9.047212979765502041e+02 1.012204828504902480e+03
3.134898424148559570e+00 9.136831629847561089e+02 1.012204828504902480e+03
3.168436050415039062e+00 9.221600287091446262e+02 1.012204828504902480e+03
3.201635122299194336e+00 9.306685952929734640e+02 1.012204828504902480e+03
3.235605478286743164e+00 9.389125710818733523e+02 1.012204828504902480e+03
3.268335342407226562e+00 9.468051940339098564e+02 1.012204828504902480e+03
3.302296876907348633e+00 9.545758459659044775e+02 1.012204828504902480e+03
3.335211515426635742e+00 9.620027584642726879e+02 1.012204828504902480e+03
3.360878229141235352e+00 9.690811732297222534e+02 1.012204828504902480e+03
3.395310401916503906e+00 9.760429364715416796e+02 1.012204828504902480e+03
3.428823709487915039e+00 9.826304119932849517e+02 1.012204828504902480e+03
3.468985080718994141e+00 9.889756898600346631e+02 1.012204828504902480e+03
3.502846956253051758e+00 9.951166516265683413e+02 1.012204828504902480e+03
3.528473138809204102e+00 1.000846991876925017e+03 1.012204828504902480e+03
3.560935497283935547e+00 1.006635647178119257e+03 1.012204828504902480e+03
3.594058513641357422e+00 1.011848164162258968e+03 1.012204828504902480e+03
3.631355762481689453e+00 1.016843024326864906e+03 1.012204828504902480e+03
3.669046401977539062e+00 1.021344439288607532e+03 1.012204828504902480e+03
3.702013731002807617e+00 1.025822789838139215e+03 1.012204828504902480e+03
3.735316514968872070e+00 1.029960410327835916e+03 1.012204828504902480e+03
3.768704652786254883e+00 1.033942942136974807e+03 1.012204828504902480e+03
3.800234794616699219e+00 1.037619079920660624e+03 1.012204828504902480e+03
3.832183599472045898e+00 1.040923018452819633e+03 1.012204828504902480e+03
3.868923187255859375e+00 1.044070356427009074e+03 1.012204828504902480e+03
3.902783632278442383e+00 1.046706705388385444e+03 1.012204828504902480e+03
3.936031818389892578e+00 1.049357968775789914e+03 1.012204828504902480e+03
3.970085382461547852e+00 1.051607725055992660e+03 1.012204828504902480e+03
4.003972291946411133e+00 1.053605938107946486e+03 1.012204828504902480e+03
4.036873340606689453e+00 1.055540454651214304e+03 1.012204828504902480e+03
4.069346666336059570e+00 1.057021547469793859e+03 1.012204828504902480e+03
4.103910923004150391e+00 1.058433931534897056e+03 1.012204828504902480e+03
4.136184453964233398e+00 1.059504865688134259e+03 1.012204828504902480e+03
4.170068502426147461e+00 1.060311867358400832e+03 1.012204828504902480e+03
4.202563524246215820e+00 1.060827522289215722e+03 1.012204828504902480e+03
4.236091375350952148e+00 1.061171217877203389e+03 1.012204828504902480e+03
4.268651247024536133e+00 1.061294503035650450e+03 1.012204828504902480e+03
4.303244113922119141e+00 1.061136123271674251e+03 1.012204828504902480e+03
4.335772752761840820e+00 1.060780178610318444e+03 1.012204828504902480e+03
4.364106416702270508e+00 1.060021177518913419e+03 1.012204828504902480e+03
4.398982763290405273e+00 1.059166566247969740e+03 1.012204828504902480e+03
4.436315536499023438e+00 1.058011385466356842e+03 1.012204828504902480e+03
4.469887495040893555e+00 1.056565847733158989e+03 1.012204828504902480e+03
4.503113746643066406e+00 1.054983921146306784e+03 1.012204828504902480e+03
4.527344465255737305e+00 1.053303203573365408e+03 1.012204828504902480e+03
4.561390399932861328e+00 1.051324301676977711e+03 1.012204828504902480e+03
4.594174146652221680e+00 1.049153489911666384e+03 1.012204828504902480e+03
4.632517337799072266e+00 1.046963145250118714e+03 1.012204828504902480e+03
4.667901754379272461e+00 1.044607946692530959e+03 1.012204828504902480e+03
4.701787233352661133e+00 1.042051635280702612e+03 1.012204828504902480e+03
4.735977411270141602e+00 1.039250486916819682e+03 1.012204828504902480e+03
4.768546104431152344e+00 1.036355711618371288e+03 1.012204828504902480e+03
4.801734209060668945e+00 1.033444325201558286e+03 1.012204828504902480e+03
4.835421085357666016e+00 1.030296736095159076e+03 1.012204828504902480e+03
4.869043350219726562e+00 1.027092193914505742e+03 1.012204828504902480e+03
4.902322530746459961e+00 1.023753943767173496e+03 1.012204828504902480e+03
4.935526371002197266e+00 1.020377407619453038e+03 1.012204828504902480e+03
4.968333482742309570e+00 1.016850326275397947e+03 1.012204828504902480e+03
5.001891851425170898e+00 1.013025862049212037e+03 1.012204828504902480e+03
5.035755157470703125e+00 1.009262679871934665e+03 1.012204828504902480e+03
5.068773031234741211e+00 1.005157991414377875e+03 1.012204828504902480e+03
5.101695775985717773e+00 1.000918629088464513e+03 1.012204828504902480e+03
5.135292768478393555e+00 9.968237110553035336e+02 1.012204828504902480e+03
5.168169736862182617e+00 9.924993876378260893e+02 1.012204828504902480e+03
5.201939105987548828e+00 9.881268043743226599e+02 1.012204828504902480e+03
5.235383987426757812e+00 9.836121598092332761e+02 1.012204828504902480e+03
5.268776893615722656e+00 9.789818527549733744e+02 1.012204828504902480e+03
5.301579236984252930e+00 9.744509613605971481e+02 1.012204828504902480e+03
5.335296392440795898e+00 9.698317813270263059e+02 1.012204828504902480e+03
5.365772724151611328e+00 9.646714999644367481e+02 1.012204828504902480e+03
5.399041891098022461e+00 9.598943282839129552e+02 1.012204828504902480e+03
5.434563398361206055e+00 9.548505345532983029e+02 1.012204828504902480e+03
5.467984914779663086e+00 9.499724193224350302e+02 1.012204828504902480e+03
5.500915765762329102e+00 9.448449308304303713e+02 1.012204828504902480e+03
5.527229785919189453e+00 9.399423411277240348e+02 1.012204828504902480e+03
5.560667514801025391e+00 9.349098255679355134e+02 1.012204828504902480e+03
5.593880414962768555e+00 9.299475160510354499e+02 1.012204828504902480e+03
5.632631301879882812e+00 9.249916576724951938e+02 1.012204828504902480e+03
5.668403387069702148e+00 9.200810031499115667e+02 1.012204828504902480e+03
5.702006578445434570e+00 9.150956115027275928e+02 1.012204828504902480e+03
5.735556602478027344e+00 9.102597652325204081e+02 1.012204828504902480e+03
5.768798351287841797e+00 9.053089319514934914e+02 1.012204828504902480e+03
5.801847219467163086e+00 9.004683199722296649e+02 1.012204828504902480e+03
5.836345672607421875e+00 8.956379460608865202e+02 1.012204828504902480e+03
5.865582227706909180e+00 8.909261639550510381e+02 1.012204828504902480e+03
5.902259111404418945e+00 8.861466119674252013e+02 1.012204828504902480e+03
5.935914039611816406e+00 8.815364115288964513e+02 1.012204828504902480e+03
5.969477653503417969e+00 8.768433060049171672e+02 1.012204828504902480e+03
6.003112554550170898e+00 8.723126672353077993e+02 1.012204828504902480e+03
6.035721063613891602e+00 8.678249561598738637e+02 1.012204828504902480e+03
6.069617509841918945e+00 8.633340051524803584e+02 1.012204828504902480e+03
6.102705717086791992e+00 8.590727307515788880e+02 1.012204828504902480e+03
6.136750221252441406e+00 8.549694537610635052e+02 1.012204828504902480e+03
6.169898748397827148e+00 8.508947178952332706e+02 1.012204828504902480e+03
6.202585935592651367e+00 8.470466625924956361e+02 1.012204828504902480e+03
6.236149072647094727e+00 8.432175142340848879e+02 1.012204828504902480e+03
6.269315958023071289e+00 8.394299748155074212e+02 1.012204828504902480e+03
6.302569389343261719e+00 8.357800209091370789e+02 1.012204828504902480e+03
6.336029291152954102e+00 8.323212171964572690e+02 1.012204828504902480e+03
6.363699674606323242e+00 8.291804200624212626e+02 1.012204828504902480e+03
6.395298242568969727e+00 8.261536050845134014e+02 1.012204828504902480e+03
6.430739641189575195e+00 8.231578355156883617e+02 1.012204828504902480e+03
6.469383478164672852e+00 8.204621512248411364e+02 1.012204828504902480e+03
6.502810955047607422e+00 8.179773070961480244e+02 1.012204828504902480e+03
6.532964706420898438e+00 8.157651288572635622e+02 1.012204828504902480e+03
6.562075138092041016e+00 8.135163396663377853e+02 1.012204828504902480e+03
6.594296455383300781e+00 8.115989591374309384e+02 1.012204828504902480e+03
6.630493164062500000e+00 8.100098050333516539e+02 1.012204828504902480e+03
6.667685031890869141e+00 8.085556275942228694e+02 1.012204828504902480e+03
6.702478170394897461e+00 8.074445728768990875e+02 1.012204828504902480e+03
6.735456228256225586e+00 8.063638525041757248e+02 1.012204828504902480e+03
6.768162488937377930e+00 8.054926884558716438e+02 1.012204828504902480e+03
6.801605224609375000e+00 8.049746946306055406e+02 1.012204828504902480e+03
6.835370540618896484e+00 8.046488769427426178e+02 1.012204828504902480e+03
6.869038343429565430e+00 8.045936481814087529e+02 1.012204828504902480e+03
6.901529788970947266e+00 8.046490677140119487e+02 1.012204828504902480e+03
6.935781955718994141e+00 8.048769593364538650e+02 1.012204828504902480e+03
6.968738317489624023e+00 8.055258490046936686e+02 1.012204828504902480e+03
7.002468585968017578e+00 8.063134844540871882e+02 1.012204828504902480e+03
7.035580635070800781e+00 8.071343482824586317e+02 1.012204828504902480e+03
7.069074392318725586e+00 8.082887879473939847e+02 1.012204828504902480e+03
7.102293252944946289e+00 8.096186448756297978e+02 1.012204828504902480e+03
7.134922504425048828e+00 8.111354555765232135e+02 1.012204828504902480e+03
7.168370723724365234e+00 8.127761570287460700e+02 1.012204828504902480e+03
7.201808929443359375e+00 8.146910560427885457e+02 1.012204828504902480e+03
7.235265731811523438e+00 8.167235898603927353e+02 1.012204828504902480e+03
7.269280910491943359e+00 8.189094524241378394e+02 1.012204828504902480e+03
7.302170038223266602e+00 8.214732158736024985e+02 1.012204828504902480e+03
7.335319042205810547e+00 8.241190393356880577e+02 1.012204828504902480e+03
7.367719411849975586e+00 8.269225308988103507e+02 1.012204828504902480e+03
7.398985385894775391e+00 8.300202030147808046e+02 1.012204828504902480e+03
7.435116052627563477e+00 8.332085869924413828e+02 1.012204828504902480e+03
7.467855215072631836e+00 8.366766123278756595e+02 1.012204828504902480e+03
7.501110315322875977e+00 8.402726885519241478e+02 1.012204828504902480e+03
7.533992290496826172e+00 8.441332303677952495e+02 1.012204828504902480e+03
7.561775445938110352e+00 8.481831554364572412e+02 1.012204828504902480e+03
7.594008684158325195e+00 8.523573290349303306e+02 1.012204828504902480e+03
7.630053758621215820e+00 8.567496277717050361e+02 1.012204828504902480e+03
7.666459560394287109e+00 8.613565040719465742e+02 1.012204828504902480e+03
7.701671361923217773e+00 8.662716341490838659e+02 1.012204828504902480e+03
7.735096216201782227e+00 8.712776543963242375e+02 1.012204828504902480e+03
7.768428087234497070e+00 8.764745890270361315e+02 1.012204828504902480e+03
7.798769474029541016e+00 8.817393365198505535e+02 1.012204828504902480e+03
7.830655813217163086e+00 8.873462089322531483e+02 1.012204828504902480e+03
7.869678020477294922e+00 8.929324151465426667e+02 1.012204828504902480e+03
7.903393507003784180e+00 8.988432067541025390e+02 1.012204828504902480e+03
7.936647176742553711e+00 9.047922813197276355e+02 1.012204828504902480e+03
7.970407485961914062e+00 9.110089419456586484e+02 1.012204828504902480e+03
8.002793550491333008e+00 9.172577370912518973e+02 1.012204828504902480e+03
8.032988548278808594e+00 9.237915850218586229e+02 1.012204828504902480e+03
8.066163301467895508e+00 9.303100640027494137e+02 1.012204828504902480e+03
8.099688768386840820e+00 9.369046298264911456e+02 1.012204828504902480e+03
8.133167266845703125e+00 9.435994849509265805e+02 1.012204828504902480e+03
8.166225671768188477e+00 9.507959778309083276e+02 1.012204828504902480e+03
8.201648235321044922e+00 9.576517269437515552e+02 1.012204828504902480e+03
8.235545635223388672e+00 9.644387076585500154e+02 1.012204828504902480e+03
8.269012451171875000e+00 9.714482108321308260e+02 1.012204828504902480e+03
8.302599430084228516e+00 9.785815336948176082e+02 1.012204828504902480e+03
8.335086345672607422e+00 9.858029654072851145e+02 1.012204828504902480e+03
8.367835998535156250e+00 9.930463448130778943e+02 1.012204828504902480e+03
8.401887416839599609e+00 1.000403997697944646e+03 1.012204828504902480e+03
8.435630559921264648e+00 1.007667274486004203e+03 1.012204828504902480e+03
8.468840837478637695e+00 1.015100810319239599e+03 1.012204828504902480e+03
8.500586748123168945e+00 1.022643385036344398e+03 1.012204828504902480e+03
8.528046607971191406e+00 1.030068709588751744e+03 1.012204828504902480e+03
8.560647010803222656e+00 1.037430087622116389e+03 1.012204828504902480e+03
8.594244718551635742e+00 1.045021615107360276e+03 1.012204828504902480e+03
8.627549409866333008e+00 1.052476098986724992e+03 1.012204828504902480e+03
8.661043882369995117e+00 1.059849204163574086e+03 1.012204828504902480e+03
8.695478200912475586e+00 1.067176214008889929e+03 1.012204828504902480e+03
8.734691381454467773e+00 1.074540350036790187e+03 1.012204828504902480e+03
8.770026922225952148e+00 1.081866253992775000e+03 1.012204828504902480e+03
8.800264835357666016e+00 1.089006065145948469e+03 1.012204828504902480e+03
8.832887172698974609e+00 1.096066580939794449e+03 1.012204828504902480e+03
8.866343498229980469e+00 1.103057639663466944e+03 1.012204828504902480e+03
8.902518033981323242e+00 1.110035442413207647e+03 1.012204828504902480e+03
8.936255216598510742e+00 1.117027506751121791e+03 1.012204828504902480e+03
8.969147920608520508e+00 1.123892598517085844e+03 1.012204828504902480e+03
9.003159046173095703e+00 1.130599951802591931e+03 1.012204828504902480e+03
9.035690069198608398e+00 1.137204277530701575e+03 1.012204828504902480e+03
9.066055774688720703e+00 1.143654724980852734e+03 1.012204828504902480e+03
9.099632263183593750e+00 1.149954546861113386e+03 1.012204828504902480e+03
9.133023738861083984e+00 1.155960900331892844e+03 1.012204828504902480e+03
9.166201114654541016e+00 1.162004295770606177e+03 1.012204828504902480e+03
9.199881553649902344e+00 1.167865887888407542e+03 1.012204828504902480e+03
9.234796047210693359e+00 1.173415970461994220e+03 1.012204828504902480e+03
9.268264055252075195e+00 1.178785379671667897e+03 1.012204828504902480e+03
9.301852941513061523e+00 1.183960585865753274e+03 1.012204828504902480e+03
9.335104942321777344e+00 1.188845673962848196e+03 1.012204828504902480e+03
9.368421792984008789e+00 1.193468986311989283e+03 1.012204828504902480e+03
9.399569034576416016e+00 1.197906323196169978e+03 1.012204828504902480e+03
9.432869911193847656e+00 1.202137501410754112e+03 1.012204828504902480e+03
9.469024658203125000e+00 1.205868932198386801e+03 1.012204828504902480e+03
9.502794027328491211e+00 1.209483266303464006e+03 1.012204828504902480e+03
9.539697647094726562e+00 1.212719935022416166e+03 1.012204828504902480e+03
9.560833454132080078e+00 1.215524616647546509e+03 1.012204828504902480e+03
9.595322847366333008e+00 1.218247685772988916e+03 1.012204828504902480e+03
9.626759052276611328e+00 1.220490279226555458e+03 1.012204828504902480e+03
9.666844606399536133e+00 1.222521943955680172e+03 1.012204828504902480e+03
9.701546669006347656e+00 1.224226920938457852e+03 1.012204828504902480e+03
9.735117912292480469e+00 1.225743522743716085e+03 1.012204828504902480e+03
9.768336534500122070e+00 1.226731794437146618e+03 1.012204828504902480e+03
9.797976493835449219e+00 1.227620971621737226e+03 1.012204828504902480e+03
9.829541206359863281e+00 1.228211991598366922e+03 1.012204828504902480e+03
9.867941379547119141e+00 1.228420130829580557e+03 1.012204828504902480e+03
9.901513576507568359e+00 1.228454621888758766e+03 1.012204828504902480e+03
9.935350179672241211e+00 1.228012377929105924e+03 1.012204828504902480e+03
9.968174934387207031e+00 1.227360161302279948e+03 1.012204828504902480e+03
1.000226879119873047e+01 1.226402882745937859e+03 1.012204828504902480e+03
1.003534793853759766e+01 1.225249815638241671e+03 1.012204828504902480e+03
1.006829237937927246e+01 1.223695099684615570e+03 1.012204828504902480e+03
1.009876322746276855e+01 1.221813344803782002e+03 1.012204828504902480e+03
1.013199138641357422e+01 1.219664660310816771e+03 1.012204828504902480e+03
1.016578006744384766e+01 1.217291600272662208e+03 1.012204828504902480e+03
1.020129990577697754e+01 1.214650582133796433e+03 1.012204828504902480e+03
1.023424100875854492e+01 1.211637102055635069e+03 1.012204828504902480e+03
1.026733875274658203e+01 1.208399630810352846e+03 1.012204828504902480e+03
1.030167841911315918e+01 1.204862178070075288e+03 1.012204828504902480e+03
1.033451390266418457e+01 1.201141837914064354e+03 1.012204828504902480e+03
1.036758327484130859e+01 1.197043243185955589e+03 1.012204828504902480e+03
1.039859771728515625e+01 1.193001819846206445e+03 1.012204828504902480e+03
1.043391346931457520e+01 1.188416731255786772e+03 1.012204828504902480e+03
1.046704721450805664e+01 1.183787188307356473e+03 1.012204828504902480e+03
1.050058436393737793e+01 1.178596997044570799e+03 1.012204828504902480e+03
1.053131508827209473e+01 1.173382773581653737e+03 1.012204828504902480e+03
1.056155419349670410e+01 1.167906176063145040e+03 1.012204828504902480e+03
1.059389591217041016e+01 1.162440507264867165e+03 1.012204828504902480e+03
1.062767577171325684e+01 1.156434891496666978e+03 1.012204828504902480e+03
1.066090536117553711e+01 1.150435728083441745e+03 1.012204828504902480e+03
1.069507908821105957e+01 1.144047044376883150e+03 1.012204828504902480e+03
1.073208069801330566e+01 1.137351623143050574e+03 1.012204828504902480e+03
1.076301169395446777e+01 1.130612739350125821e+03 1.012204828504902480e+03
1.079644918441772461e+01 1.123654782216217427e+03 1.012204828504902480e+03
1.083470749855041504e+01 1.116378842573720931e+03 1.012204828504902480e+03
1.086888718605041504e+01 1.108946021766445028e+03 1.012204828504902480e+03
1.090132451057434082e+01 1.101502196300495143e+03 1.012204828504902480e+03
1.093570923805236816e+01 1.093660948424958860e+03 1.012204828504902480e+03
1.096878719329833984e+01 1.085865369937815785e+03 1.012204828504902480e+03
1.100186443328857422e+01 1.078159487952430936e+03 1.012204828504902480e+03
1.103516364097595215e+01 1.069822969778140987e+03 1.012204828504902480e+03
1.106917500495910645e+01 1.061503234068632992e+03 1.012204828504902480e+03
1.110218048095703125e+01 1.053000388190143212e+03 1.012204828504902480e+03
1.113502335548400879e+01 1.044393297213511005e+03 1.012204828504902480e+03
1.116890048980712891e+01 1.035673296339763283e+03 1.012204828504902480e+03
1.120142412185668945e+01 1.026891627492773750e+03 1.012204828504902480e+03
1.123515987396240234e+01 1.017939321701142717e+03 1.012204828504902480e+03
1.126885390281677246e+01 1.008980772206830579e+03 1.012204828504902480e+03
1.130197787284851074e+01 9.999908254298843531e+02 1.012204828504902480e+03
1.133560538291931152e+01 9.908592448667801591e+02 1.012204828504902480e+03
1.136871170997619629e+01 9.816540282038160967e+02 1.012204828504902480e+03
1.139640259742736816e+01 9.722378590397746621e+02 1.012204828504902480e+03
1.142890143394470215e+01 9.629327399668363796e+02 1.012204828504902480e+03
1.146493983268737793e+01 9.535467029031034372e+02 1.012204828504902480e+03
1.150242519378662109e+01 9.441724871127689767e+02 1.012204828504902480e+03
1.152766180038452148e+01 9.346774698393069229e+02 1.012204828504902480e+03
1.156098794937133789e+01 9.253549000082482507e+02 1.012204828504902480e+03
1.159390377998352051e+01 9.160503125888831164e+02 1.012204828504902480e+03
1.162740325927734375e+01 9.069597515120294702e+02 1.012204828504902480e+03
1.166773343086242676e+01 8.974631743372925712e+02 1.012204828504902480e+03
1.170238947868347168e+01 8.882267428828055245e+02 1.012204828504902480e+03
1.173519039154052734e+01 8.791819102751362607e+02 1.012204828504902480e+03
1.176859974861145020e+01 8.702423528228167697e+02 1.012204828504902480e+03
1.179841399192810059e+01 8.611781423190773239e+02 1.012204828504902480e+03
1.183062052726745605e+01 8.524038085211450380e+02 1.012204828504902480e+03
1.186924600601196289e+01 8.435287564719825468e+02 1.012204828504902480e+03
1.190310382843017578e+01 8.348611061424473974e+02 1.012204828504902480e+03
1.193622875213623047e+01 8.263450658836212597e+02 1.012204828504902480e+03
1.196929001808166504e+01 8.178199950304940558e+02 1.012204828504902480e+03
1.200286459922790527e+01 8.093352148239114285e+02 1.012204828504902480e+03
1.203637647628784180e+01 8.009076839876630629e+02 1.012204828504902480e+03
1.206985807418823242e+01 7.926635396348605127e+02 1.012204828504902480e+03
1.210261201858520508e+01 7.844927721364812214e+02 1.012204828504902480e+03
1.213628458976745605e+01 7.763460435130042470e+02 1.012204828504902480e+03
1.216897535324096680e+01 7.683572659364918991e+02 1.012204828504902480e+03
1.219984149932861328e+01 7.605296625649929183e+02 1.012204828504902480e+03
1.223306012153625488e+01 7.529449586405281707e+02 1.012204828504902480e+03
1.226632213592529297e+01 7.455091958569209964e+02 1.012204828504902480e+03
1.229940772056579590e+01 7.382994713412517740e+02 1.012204828504902480e+03
1.233329248428344727e+01 7.311749114292293825e+02 1.012204828504902480e+03
1.236621069908142090e+01 7.243572313317590670e+02 1.012204828504902480e+03
1.239999461174011230e+01 7.177227214922916119e+02 1.012204828504902480e+03
1.243282532691955566e+01 7.112017409024318795e+02 1.012204828504902480e+03
1.246628236770629883e+01 7.050820357327268084e+02 1.012204828504902480e+03
1.250037145614624023e+01 6.991312669403147311e+02 1.012204828504902480e+03
1.253301644325256348e+01 6.933918361282286469e+02 1.012204828504902480e+03
1.256084060668945312e+01 6.881048866437982952e+02 1.012204828504902480e+03
1.259399509429931641e+01 6.827628106395657142e+02 1.012204828504902480e+03
1.262710809707641602e+01 6.776610914934434504e+02 1.012204828504902480e+03
1.266773557662963867e+01 6.729248613534716696e+02 1.012204828504902480e+03
1.270154595375061035e+01 6.682094989623628862e+02 1.012204828504902480e+03
1.273496580123901367e+01 6.636692434886701903e+02 1.012204828504902480e+03
1.276868796348571777e+01 6.592900370261415901e+02 1.012204828504902480e+03
1.279875683784484863e+01 6.550091849988411923e+02 1.012204828504902480e+03
1.283256173133850098e+01 6.505889714219184725e+02 1.012204828504902480e+03
1.286929035186767578e+01 6.465465751042934244e+02 1.012204828504902480e+03
1.290363478660583496e+01 6.423633247487038034e+02 1.012204828504902480e+03
1.293553900718688965e+01 6.380896563172995002e+02 1.012204828504902480e+03
1.296924114227294922e+01 6.339340867976603704e+02 1.012204828504902480e+03
1.300217318534851074e+01 6.297536748482323219e+02 1.012204828504902480e+03
1.303535604476928711e+01 6.255851308562455415e+02 1.012204828504902480e+03
1.306882691383361816e+01 6.214539968057189299e+02 1.012204828504902480e+03
1.309936261177062988e+01 6.174336520385149925e+02 1.012204828504902480e+03
1.313242101669311523e+01 6.134937763767441083e+02 1.012204828504902480e+03
1.316653060913085938e+01 6.098414194149296463e+02 1.012204828504902480e+03
1.319904065132141113e+01 6.062618095699320975e+02 1.012204828504902480e+03
1.323266553878784180e+01 6.029432834798654994e+02 1.012204828504902480e+03
1.326648712158203125e+01 5.996171709326850987e+02 1.012204828504902480e+03
1.329945707321166992e+01 5.967207525454514325e+02 1.012204828504902480e+03
1.333258676528930664e+01 5.937948701132647784e+02 1.012204828504902480e+03
1.336593127250671387e+01 5.913497218330728629e+02 1.012204828504902480e+03
1.339428377151489258e+01 5.891671423392911038e+02 1.012204828504902480e+03
1.342930126190185547e+01 5.871171631234161623e+02 1.012204828504902480e+03
1.346862173080444336e+01 5.855949501981955336e+02 1.012204828504902480e+03
1.350271320343017578e+01 5.844704303508125349e+02 1.012204828504902480e+03
1.353474736213684082e+01 5.834805250608164897e+02 1.012204828504902480e+03
1.356073355674743652e+01 5.826456785187464220e+02 1.012204828504902480e+03
1.359461903572082520e+01 5.809475189319441597e+02 1.012204828504902480e+03
1.362732243537902832e+01 5.781975692351612679e+02 1.012204828504902480e+03
1.366466903686523438e+01 5.732700235624748757e+02 1.012204828504902480e+03
1.370086884498596191e+01 5.655794219905948239e+02 1.012204828504902480e+03
1.373520088195800781e+01 5.543308180540361718e+02 1.012204828504902480e+03
1.376819562911987305e+01 5.386107434250475308e+02 1.012204828504902480e+03
1.379883551597595215e+01 5.166691375696383375e+02 1.012204828504902480e+03
1.383193063735961914e+01 4.868422753374165950e+02 1.012204828504902480e+03
1.386971449851989746e+01 4.468897805377148416e+02 1.012204828504902480e+03
1.390306186676025391e+01 3.933136670068263356e+02 1.012204828504902480e+03
1.393572759628295898e+01 3.244339302790296529e+02 1.012204828504902480e+03
1.396903061866760254e+01 2.382504925416710080e+02 1.012204828504902480e+03
1.400276446342468262e+01 1.335746385655169206e+02 1.012204828504902480e+03
1.406657052040100098e+01 5.627314433442407449e+01 1.012204828504902480e+03
1.413617610931396484e+01 9.325709390182666425e+01 1.012204828504902480e+03
