1.003195667266845703e+01 -9.444208596707637682e+00 1.182894180837737563e+00 4.471222272097970745e+02 2.356441579557164850e-02 6.248249432861563424e-03 1.296468668141714103e-02 0.000000000000000000e+00 0.000000000000000000e+00 1.500000000000000000e+03
1.006564116477966309e+01 -9.248199829599547783e+00 1.481738926122388778e+00 4.472916388072900986e+02 2.368366392786447339e-02 6.309954977252224886e-03 1.310416490713512370e-02 0.000000000000000000e+00 0.000000000000000000e+00 1.500000000000000000e+03
1.009843778610229492e+01 -9.265552395487702597e+00 1.824656408683942077e+00 4.477724389677861154e+02 2.158990543978876048e-02 8.679146081662689194e-03 1.492884603506244683e-02 0.000000000000000000e+00 0.000000000000000000e+00 1.500000000000000000e+03
1.013159537315368652e+01 -9.260176083092165555e+00 2.009836835281011869e+00 4.485638893136152774e+02 1.716630055260203597e-02 1.397970119047829175e-02 1.629975547832000771e-02 0.000000000000000000e+00 0.000000000000000000e+00 1.500000000000000000e+03
1.016525626182556152e+01 -9.251165087216380201e+00 2.219990016763739415e+00 4.503215825466177762e+02 1.044817854326080334e-02 2.126318485080898324e-02 1.691059483089562415e-02 0.000000000000000000e+00 0.000000000000000000e+00 1.500000000000000000e+03
1.019855093955993652e+01 -9.232498609640973797e+00 2.610654080200272453e+00 4.529698065282832431e+02 5.050744275034196179e-03 2.721823871842297959e-02 1.891024292223723868e-02 0.000000000000000000e+00 0.000000000000000000e+00 1.500000000000000000e+03
1.023176312446594238e+01 -8.859442244905107344e+00 3.202468250047520559e+00 4.566942458056374790e+02 2.643450652099245141e-03 3.198251479439639944e-02 1.989265075599368562e-02 0.000000000000000000e+00 0.000000000000000000e+00 1.500000000000000000e+03
1.026497316360473633e+01 -8.417710251959105605e+00 3.960100542574702676e+00 4.615094130219163731e+02 4.357459788845421435e-03 3.256382966426878828e-02 1.946630045753956068e-02 0.000000000000000000e+00 0.000000000000000000e+00 1.500000000000000000e+03
1.029852247238159180e+01 -7.664019785445326249e+00 4.932495560307436300e+00 4.673853828221858748e+02 1.008467893885265677e-02 3.029214082143786430e-02 2.032821428449486933e-02 0.000000000000000000e+00 0.000000000000000000e+00 1.500000000000000000e+03
1.033172059059143066e+01 -6.731679912630561979e+00 6.067671902132563133e+00 4.742302245700113872e+02 1.828875998288242294e-02 2.671749089942208541e-02 1.995509514512782551e-02 0.000000000000000000e+00 0.000000000000000000e+00 1.500000000000000000e+03
1.036500811576843262e+01 -5.599113799832062810e+00 7.271299698961276370e+00 4.824577424871457652e+02 2.346853996984683832e-02 1.934054340814889486e-02 2.042222415320146811e-02 0.000000000000000000e+00 0.000000000000000000e+00 1.500000000000000000e+03
1.039389014244079590e+01 -4.383830962197361458e+00 8.368496232529059498e+00 4.915842018292657372e+02 3.208404269585041907e-02 1.304125657675512216e-02 2.001847680812347818e-02 0.000000000000000000e+00 0.000000000000000000e+00 1.500000000000000000e+03
1.042817306518554688e+01 -3.086716903969295434e+00 9.468810241084852919e+00 5.016331662005256362e+02 3.295152301633939851e-02 1.549442760350534624e-02 1.835794035244405625e-02 0.000000000000000000e+00 0.000000000000000000e+00 1.500000000000000000e+03
1.046484470367431641e+01 -2.037472456247190422e+00 1.017039664718310021e+01 5.129320797890985659e+02 3.886468097385876314e-02 8.434236520637017342e-03 1.937126146470604174e-02 0.000000000000000000e+00 0.000000000000000000e+00 1.500000000000000000e+03
1.049834132194519043e+01 -1.038291137421307297e+00 1.058032827177283153e+01 5.254242342732541147e+02 4.381000519509654911e-02 5.537699912713591431e-03 1.708877915810008349e-02 0.000000000000000000e+00 0.000000000000000000e+00 1.500000000000000000e+03
1.053191137313842773e+01 -2.416091927254337968e-01 1.062244119316344992e+01 5.388272791064395051e+02 4.599178583779864327e-02 4.213013215954205734e-03 1.660062059949279217e-02 0.000000000000000000e+00 0.000000000000000000e+00 1.500000000000000000e+03
1.055997443199157715e+01 4.628210123745351012e-01 1.013062052617905451e+01 5.534892737063248660e+02 4.880673850475590603e-02 1.263175665433400501e-03 1.298715446051121152e-02 0.000000000000000000e+00 0.000000000000000000e+00 1.500000000000000000e+03
1.059380722045898438e+01 9.086393063361556388e-01 9.227456802837886940e+00 5.694813511525136391e+02 4.932312725882753712e-02 -1.788764723154312019e-03 9.303000915703288007e-03 0.000000000000000000e+00 0.000000000000000000e+00 1.500000000000000000e+03
1.062708377838134766e+01 1.137073654781890930e+00 8.090176278945490296e+00 5.860915025722346172e+02 4.532932831593446121e-02 4.903237514987377789e-03 8.004226960022654824e-03 0.000000000000000000e+00 0.000000000000000000e+00 1.500000000000000000e+03
1.066523194313049316e+01 1.271595325278427779e+00 6.492295207191840944e+00 6.038577256544072043e+02 3.825737427418527542e-02 8.538891714983390044e-03 5.086146904321599965e-03 0.000000000000000000e+00 0.000000000000000000e+00 1.500000000000000000e+03
1.069856262207031250e+01 1.378112909101581796e+00 4.652310486185919025e+00 6.224949145382119013e+02 3.163209468621452913e-02 1.447886052030044821e-02 -5.091066356159047995e-04 0.000000000000000000e+00 0.000000000000000000e+00 1.500000000000000000e+03
1.073164463043212891e+01 1.585284187757787455e+00 2.731081064838710049e+00 6.423030839583360603e+02 2.012609171142082723e-02 1.878627040642553633e-02 -5.945700615613684972e-03 0.000000000000000000e+00 0.000000000000000000e+00 1.500000000000000000e+03
1.076048612594604492e+01 1.782552049076362222e+00 8.000315021764253798e-01 6.628838441045196532e+02 1.218087480284748420e-02 1.898733324057578706e-02 -9.659553939349353052e-03 0.000000000000000000e+00 0.000000000000000000e+00 1.500000000000000000e+03
1.079434823989868164e+01 2.118300461836386095e+00 -9.387236948557979854e-01 6.842771715649480484e+02 -3.726330003754940723e-03 2.148064464045827335e-02 -1.527205279673479917e-02 0.000000000000000000e+00 0.000000000000000000e+00 1.500000000000000000e+03
1.083090972900390625e+01 2.577548344726912966e+00 -2.758618839289361802e+00 7.065780339393717213e+02 -1.090077318557302645e-02 2.319317511574152044e-02 -2.030813757164951286e-02 0.000000000000000000e+00 0.000000000000000000e+00 1.500000000000000000e+03
1.086514282226562500e+01 3.010959495250024265e+00 -4.147022474541965487e+00 7.298972902756388521e+02 -1.428182859064242721e-02 1.574581651441134267e-02 -2.660642196992340364e-02 0.000000000000000000e+00 0.000000000000000000e+00 1.500000000000000000e+03
1.089832568168640137e+01 3.647885833312646486e+00 -5.082576874995901939e+00 7.539597555635386925e+02 -2.135957810941242763e-02 1.298257603106926783e-02 -3.261380016864076636e-02 0.000000000000000000e+00 0.000000000000000000e+00 1.500000000000000000e+03
1.093191838264465332e+01 4.246330385436153598e+00 -5.595399162541497162e+00 7.783873906947176238e+02 -2.847397416619833546e-02 1.564881034755123690e-02 -3.861673003525498832e-02 0.000000000000000000e+00 0.000000000000000000e+00 1.500000000000000000e+03
1.096513414382934570e+01 4.829640480459208796e+00 -5.486114048557386269e+00 8.039295880421386755e+02 -3.258627816194523824e-02 1.352205090082549480e-02 -4.471194562663141636e-02 0.000000000000000000e+00 0.000000000000000000e+00 1.500000000000000000e+03
1.099835228919982910e+01 5.292686265328250705e+00 -4.977751479431917758e+00 8.300257870590357925e+02 -3.164626959578214355e-02 8.071502331527811644e-03 -5.048789396744847446e-02 0.000000000000000000e+00 0.000000000000000000e+00 1.500000000000000000e+03
1.103187727928161621e+01 5.873687906370914646e+00 -3.972964863818549297e+00 8.571250243608172923e+02 -2.831187731470811292e-02 5.980186393464879784e-03 -5.660235538610154660e-02 0.000000000000000000e+00 0.000000000000000000e+00 1.500000000000000000e+03
1.106508278846740723e+01 6.195126057580588430e+00 -2.397102881300521737e+00 8.847428840093476765e+02 -2.082013477846532748e-02 3.236891296558684281e-03 -6.319966533583670776e-02 0.000000000000000000e+00 0.000000000000000000e+00 1.500000000000000000e+03
1.109854722023010254e+01 6.395663270553568758e+00 -4.375822813220839880e-01 9.132274199115935289e+02 -1.573039318665158531e-02 3.507340467850653576e-04 -6.928105754187244281e-02 0.000000000000000000e+00 0.000000000000000000e+00 1.500000000000000000e+03
1.113190388679504395e+01 6.458469667126215619e+00 1.655650887450828002e+00 9.425212043768560761e+02 -6.579478357688899048e-03 -2.644853135954309837e-03 -7.770944991061863594e-02 0.000000000000000000e+00 0.000000000000000000e+00 1.500000000000000000e+03
1.116517710685729980e+01 6.404129139417832128e+00 4.000595652503494470e+00 9.722219146619349885e+02 8.011230381235091499e-03 6.143033507219440711e-04 -8.348389486351559530e-02 0.000000000000000000e+00 0.000000000000000000e+00 1.500000000000000000e+03
1.119935488700866699e+01 6.015817022543566317e+00 6.617865346051761577e+00 1.002716028051820558e+03 1.809025741873133281e-02 1.520434403618367005e-03 -8.989906726761104361e-02 0.000000000000000000e+00 0.000000000000000000e+00 1.500000000000000000e+03
1.123192572593688965e+01 5.607534454732126861e+00 8.819958749261012088e+00 1.033537488899841037e+03 3.204038632743572146e-02 1.837858816946630076e-03 -9.538970437393119728e-02 0.000000000000000000e+00 0.000000000000000000e+00 1.500000000000000000e+03
1.126524615287780762e+01 5.104209846015532293e+00 1.090748732522319031e+01 1.065121163946372917e+03 4.354018471718604927e-02 7.720500728289122518e-03 -1.002585420766157337e-01 0.000000000000000000e+00 0.000000000000000000e+00 1.500000000000000000e+03
1.129832720756530762e+01 4.630402984001907640e+00 1.257529299726231287e+01 1.096880040236910645e+03 5.026876058843329081e-02 3.803953906491823987e-03 -1.029870908604674368e-01 0.000000000000000000e+00 0.000000000000000000e+00 1.500000000000000000e+03
1.133189797401428223e+01 3.805865870497024961e+00 1.355426509530028412e+01 1.128692179742489316e+03 5.992353966091054640e-02 1.840854103352899430e-03 -1.046436699504378065e-01 0.000000000000000000e+00 0.000000000000000000e+00 1.500000000000000000e+03
1.136511778831481934e+01 3.149428111482906356e+00 1.411468637006791482e+01 1.161453690452412502e+03 6.048907153624532435e-02 1.053188564721885398e-03 -1.066622495914544694e-01 0.000000000000000000e+00 0.000000000000000000e+00 1.500000000000000000e+03
1.139393210411071777e+01 2.323144499559340215e+00 1.382118454470142410e+01 1.193278430328648938e+03 7.337983452849815291e-02 -9.644234935709599874e-03 -1.100598766081108959e-01 0.000000000000000000e+00 0.000000000000000000e+00 1.500000000000000000e+03
1.142773580551147461e+01 1.249409098713832655e+00 1.313225485463119213e+01 1.225252998532187348e+03 7.461631430280790678e-02 -1.435363796919720235e-02 -1.104174783179920349e-01 0.000000000000000000e+00 0.000000000000000000e+00 1.500000000000000000e+03
1.146500349044799805e+01 -1.029398119299140824e-01 1.155267176766861326e+01 1.256383906332196830e+03 7.363151908983614491e-02 -1.467076423362678565e-02 -1.110938291559354363e-01 0.000000000000000000e+00 0.000000000000000000e+00 1.500000000000000000e+03
1.149400591850280762e+01 -1.378350809914910435e+00 9.190910664500238525e+00 1.286931697764437104e+03 7.028432093632011601e-02 -2.284977538855428522e-02 -1.069860048243584799e-01 0.000000000000000000e+00 0.000000000000000000e+00 1.500000000000000000e+03
1.152919268608093262e+01 -3.284096383161974497e+00 6.195068918907017164e+00 1.316496032128163506e+03 6.365838366008159943e-02 -2.166175504840425065e-02 -1.053058386421013015e-01 0.000000000000000000e+00 0.000000000000000000e+00 1.500000000000000000e+03
1.156002235412597656e+01 -5.420691637949384578e+00 2.659183374493809371e+00 1.344765308981097405e+03 5.025364579677472909e-02 -2.064333029718351531e-02 -1.024140831449638078e-01 0.000000000000000000e+00 0.000000000000000000e+00 1.500000000000000000e+03
1.159381723403930664e+01 -7.906249736964777952e+00 -1.371403108601194631e+00 1.371792138404517573e+03 3.829750857608657522e-02 -1.567727515465275334e-02 -1.004123950021257455e-01 0.000000000000000000e+00 0.000000000000000000e+00 1.500000000000000000e+03
1.162719702720642090e+01 -1.044669708728810065e+01 -5.351145860620635020e+00 1.397932900451460682e+03 1.863745315039395251e-02 -5.952824424149781059e-03 -9.617142101762621298e-02 0.000000000000000000e+00 0.000000000000000000e+00 1.500000000000000000e+03
1.166103005409240723e+01 -1.333855031823686943e+01 -9.630792072007187343e+00 1.421932487420596544e+03 7.105899055153026833e-03 3.020829632127694855e-03 -9.258143717053009258e-02 0.000000000000000000e+00 0.000000000000000000e+00 1.500000000000000000e+03
1.169839406013488770e+01 -1.607072231026536002e+01 -1.369360140211816912e+01 1.444976555433159774e+03 -8.589200183131045011e-03 1.144236602359222088e-02 -8.659551428752373936e-02 0.000000000000000000e+00 0.000000000000000000e+00 1.500000000000000000e+03
1.173191976547241211e+01 -1.889201508441202648e+01 -1.773506298038277151e+01 1.466393744503133803e+03 -1.562613866310279959e-02 2.271476170651110307e-02 -8.307522487167484648e-02 0.000000000000000000e+00 0.000000000000000000e+00 1.500000000000000000e+03
1.176332426071166992e+01 -2.160413727169879650e+01 -2.143593154019137970e+01 1.486178423656904442e+03 -1.957865156937196177e-02 2.631999439163093535e-02 -7.818714402563707588e-02 0.000000000000000000e+00 0.000000000000000000e+00 1.500000000000000000e+03
1.179885101318359375e+01 -2.419783138678939238e+01 -2.511185287861598781e+01 1.504445703189988990e+03 -2.306195032721436791e-02 3.946714192197844917e-02 -7.537975979472102961e-02 0.000000000000000000e+00 0.000000000000000000e+00 1.500000000000000000e+03
1.183200740814208984e+01 -2.645841656381155005e+01 -2.818632073741386890e+01 1.521566065217943788e+03 -3.252251473316448288e-02 4.392845896898682490e-02 -6.833763286901742284e-02 0.000000000000000000e+00 0.000000000000000000e+00 1.500000000000000000e+03
1.186551880836486816e+01 -2.837218904043805878e+01 -3.106618948928887392e+01 1.537440251193507265e+03 -3.167733939773312996e-02 4.683304838751280869e-02 -6.484914895046191285e-02 0.000000000000000000e+00 0.000000000000000000e+00 1.500000000000000000e+03
1.189867329597473145e+01 -2.996991969015363111e+01 -3.362838274893077539e+01 1.551712702613509919e+03 -3.573366116156512229e-02 5.178490159608162280e-02 -6.108798805235615692e-02 0.000000000000000000e+00 0.000000000000000000e+00 1.500000000000000000e+03
1.193190097808837891e+01 -3.123591557669872287e+01 -3.576351411543549119e+01 1.564230513095076276e+03 -4.247941962458126608e-02 6.011551481129494973e-02 -5.652191707312882035e-02 0.000000000000000000e+00 0.000000000000000000e+00 1.500000000000000000e+03
1.196612381935119629e+01 -3.182549007779075367e+01 -3.732492718544071408e+01 1.575781219128205976e+03 -3.502142171512483138e-02 4.879349824486225312e-02 -5.489310066312497183e-02 0.000000000000000000e+00 0.000000000000000000e+00 1.500000000000000000e+03
1.199835491180419922e+01 -3.225170847150235431e+01 -3.847983821104151758e+01 1.585952597691302799e+03 -4.215450827515209581e-02 4.687997920819158421e-02 -4.963222969424044284e-02 0.000000000000000000e+00 0.000000000000000000e+00 1.500000000000000000e+03
1.203197073936462402e+01 -3.217651103195503737e+01 -3.912732695550715079e+01 1.595001983569004551e+03 -4.572717848435373794e-02 4.268628196326568897e-02 -4.569696516575282724e-02 0.000000000000000000e+00 0.000000000000000000e+00 1.500000000000000000e+03
1.206545305252075195e+01 -3.182986731258547053e+01 -3.919582570362106111e+01 1.603063071548138396e+03 -4.495670147124228994e-02 3.850980696709151163e-02 -4.075094645221312428e-02 0.000000000000000000e+00 0.000000000000000000e+00 1.500000000000000000e+03
1.209848976135253906e+01 -3.129269378588733019e+01 -3.871605289022629393e+01 1.610078528043235565e+03 -4.608174215584327771e-02 3.920574897668639008e-02 -3.586470211752940118e-02 0.000000000000000000e+00 0.000000000000000000e+00 1.500000000000000000e+03
1.213169765472412109e+01 -3.029973152810529768e+01 -3.767918651736273006e+01 1.615783281341823113e+03 -4.022797871361129263e-02 3.600380758048169622e-02 -3.273477726951709577e-02 0.000000000000000000e+00 0.000000000000000000e+00 1.500000000000000000e+03
1.216519784927368164e+01 -2.923311471814495732e+01 -3.638898523877994506e+01 1.620585371509015431e+03 -2.707656681659804943e-02 2.894046466923550637e-02 -3.122909752582713264e-02 0.000000000000000000e+00 0.000000000000000000e+00 1.500000000000000000e+03
1.219847059249877930e+01 -2.770709238847014433e+01 -3.436857419263297686e+01 1.624812480565199849e+03 -2.153521350339403229e-02 2.235443276596045525e-02 -2.909632043765418910e-02 0.000000000000000000e+00 0.000000000000000000e+00 1.500000000000000000e+03
1.223177146911621094e+01 -2.617839523401180202e+01 -3.234967837122847101e+01 1.627984373275601456e+03 -1.447462964540650009e-02 1.684867325335581006e-02 -2.693538667556409291e-02 0.000000000000000000e+00 0.000000000000000000e+00 1.500000000000000000e+03
1.226573681831359863e+01 -2.459979150327123776e+01 -2.995107617138189937e+01 1.630965184812081816e+03 -6.287954485160181239e-03 1.547017090794878050e-02 -2.447821293155545697e-02 0.000000000000000000e+00 0.000000000000000000e+00 1.500000000000000000e+03
1.229843401908874512e+01 -2.304402952201008148e+01 -2.758949935868080772e+01 1.632919960184175352e+03 6.621456680234972039e-03 3.485505983980076525e-03 -2.208759188477916330e-02 0.000000000000000000e+00 0.000000000000000000e+00 1.500000000000000000e+03
1.233170032501220703e+01 -2.140664351719813752e+01 -2.506322286764237717e+01 1.634300234450874314e+03 1.711440552578877977e-02 1.264753694702579288e-03 -1.867306371563641487e-02 0.000000000000000000e+00 0.000000000000000000e+00 1.500000000000000000e+03
1.236490440368652344e+01 -1.987207971606289192e+01 -2.265808202455156106e+01 1.635255721944677589e+03 2.327366287484993260e-02 -1.708081589472972353e-03 -1.653624267641862558e-02 0.000000000000000000e+00 0.000000000000000000e+00 1.500000000000000000e+03
1.239689970016479492e+01 -1.841156672570912178e+01 -2.047913034284973577e+01 1.635774077603674186e+03 2.819759657152322643e-02 -2.797328000757048037e-03 -1.389804399800172695e-02 0.000000000000000000e+00 0.000000000000000000e+00 1.500000000000000000e+03
1.243120026588439941e+01 -1.716086141785296348e+01 -1.846632666410289048e+01 1.635968915743196249e+03 3.000199500540447553e-02 -3.887143223542425044e-03 -1.263487081239066459e-02 0.000000000000000000e+00 0.000000000000000000e+00 1.500000000000000000e+03
1.246503448486328125e+01 -1.611532020912785867e+01 -1.686439815045645574e+01 1.635780786839304710e+03 3.543771039861363936e-02 -5.745814759859779394e-03 -1.047313534270489371e-02 0.000000000000000000e+00 0.000000000000000000e+00 1.500000000000000000e+03
1.249849033355712891e+01 -1.515899336844024781e+01 -1.557506894583596413e+01 1.635266968416393411e+03 3.647058672517255323e-02 -5.904208124336111918e-03 -1.013945057282094470e-02 0.000000000000000000e+00 0.000000000000000000e+00 1.500000000000000000e+03
1.253264427185058594e+01 -1.453739943309816773e+01 -1.457635510071328255e+01 1.634998960533221180e+03 3.484667347799435405e-02 -5.477852062730762493e-03 -9.032696822180392993e-03 0.000000000000000000e+00 0.000000000000000000e+00 1.500000000000000000e+03
1.255992031097412109e+01 -1.400101856265504274e+01 -1.383132077626916967e+01 1.634081507162434491e+03 3.172158277427106904e-02 -2.438434287707074918e-03 -7.938798951632738271e-03 0.000000000000000000e+00 0.000000000000000000e+00 1.500000000000000000e+03
1.259401130676269531e+01 -1.358169225382295764e+01 -1.344230694188680175e+01 1.632885311739829831e+03 2.852817087883839642e-02 -3.012490120055450003e-03 -7.579172342999937820e-03 0.000000000000000000e+00 0.000000000000000000e+00 1.500000000000000000e+03
1.262766861915588379e+01 -1.339595149066658664e+01 -1.329238249893337098e+01 1.631873922538950410e+03 2.600801645649061800e-02 2.466545824439504513e-04 -7.087844579093501712e-03 0.000000000000000000e+00 0.000000000000000000e+00 1.500000000000000000e+03
1.266109490394592285e+01 -1.336495314430823633e+01 -1.333345337158445254e+01 1.630475398481868069e+03 1.791818331863282571e-02 1.853203640209696119e-03 -6.277431507867737431e-03 0.000000000000000000e+00 0.000000000000000000e+00 1.500000000000000000e+03
1.269808840751647949e+01 -1.328045559982428614e+01 -1.339583351126488608e+01 1.629268469921666565e+03 1.425051404803638622e-02 5.285951583929567564e-03 -5.876622748662705363e-03 0.000000000000000000e+00 0.000000000000000000e+00 1.500000000000000000e+03
1.273237395286560059e+01 -1.331744930405165483e+01 -1.365003629329393675e+01 1.627751028146431736e+03 9.312793191018020611e-03 9.994085622141395467e-03 -5.947521367973099791e-03 0.000000000000000000e+00 0.000000000000000000e+00 1.500000000000000000e+03
1.276505446434020996e+01 -1.340378097666392243e+01 -1.378489959364026873e+01 1.626261520960371399e+03 1.810531347324044731e-03 1.366576928524754382e-02 -4.844251738573425448e-03 0.000000000000000000e+00 0.000000000000000000e+00 1.500000000000000000e+03
1.279898428916931152e+01 -1.343981779024828960e+01 -1.390877977904550455e+01 1.624448967152541400e+03 9.927340904002327632e-04 1.535078082131401470e-02 -6.101677614033179133e-03 0.000000000000000000e+00 0.000000000000000000e+00 1.500000000000000000e+03
1.283215713500976562e+01 -1.340978815066137741e+01 -1.383754442283528796e+01 1.623117324137036348e+03 -1.699076297695284324e-03 1.432244184188521084e-02 -3.703058663279608278e-03 0.000000000000000000e+00 0.000000000000000000e+00 1.500000000000000000e+03
1.286524534225463867e+01 -1.352093021442304455e+01 -1.378126941094209279e+01 1.621335860079545000e+03 -5.539154283912954904e-03 2.078644609294669210e-02 -2.135743555954218702e-03 0.000000000000000000e+00 0.000000000000000000e+00 1.500000000000000000e+03
1.289835667610168457e+01 -1.334944715215542388e+01 -1.331773017593062391e+01 1.619837371027505242e+03 -8.747246515876496223e-03 2.267276575149054785e-02 -5.561659371630088295e-04 0.000000000000000000e+00 0.000000000000000000e+00 1.500000000000000000e+03
1.293214273452758789e+01 -1.298532902735898809e+01 -1.286373250424989578e+01 1.618257581864704889e+03 -9.428658413070596309e-03 2.220035594550930080e-02 6.882929390984579218e-04 0.000000000000000000e+00 0.000000000000000000e+00 1.500000000000000000e+03
1.296535396575927734e+01 -1.266249217625295209e+01 -1.210571470908644542e+01 1.616680753237423460e+03 -9.825110629305616045e-03 2.254748680034819944e-02 1.943591332790212860e-03 0.000000000000000000e+00 0.000000000000000000e+00 1.500000000000000000e+03
1.299865174293518066e+01 -1.208799928581804828e+01 -1.114639175986723885e+01 1.615142461873892671e+03 -7.622509109889724459e-03 1.885330800815753632e-02 1.383731094799769403e-03 0.000000000000000000e+00 0.000000000000000000e+00 1.500000000000000000e+03
1.303173732757568359e+01 -1.145321955464870989e+01 -1.002751432879183646e+01 1.613471163466014559e+03 -4.322982059074114043e-03 1.923250675707073934e-02 2.941931859565663498e-03 0.000000000000000000e+00 0.000000000000000000e+00 1.500000000000000000e+03
1.306504321098327637e+01 -1.081703075441585149e+01 -8.804089559877379401e+00 1.611800245035090029e+03 -3.129896816334249831e-03 1.694511739153976501e-02 3.874793527132173489e-03 0.000000000000000000e+00 0.000000000000000000e+00 1.500000000000000000e+03
1.309855771064758301e+01 -1.008366798477551463e+01 -7.559749318729070744e+00 1.610044833963463134e+03 3.500762807568684378e-03 1.547024382238443123e-02 5.184083440311804299e-03 0.000000000000000000e+00 0.000000000000000000e+00 1.500000000000000000e+03
1.313194060325622559e+01 -9.357021185312994760e+00 -6.124297744701625135e+00 1.608552382424522420e+03 1.019619971520933574e-02 1.010122048190028286e-02 5.837303806769823106e-03 0.000000000000000000e+00 0.000000000000000000e+00 1.500000000000000000e+03
1.316527247428894043e+01 -8.731390552997114085e+00 -4.996236926590443161e+00 1.607022352937452297e+03 1.425346019054523662e-02 5.424401693626744285e-03 8.852759431720560318e-03 0.000000000000000000e+00 0.000000000000000000e+00 1.500000000000000000e+03
1.319847345352172852e+01 -7.973209702617960914e+00 -3.862747977906092256e+00 1.605608647375743203e+03 1.953709950987269142e-02 5.097278553989219307e-03 9.949234260672136163e-03 0.000000000000000000e+00 0.000000000000000000e+00 1.500000000000000000e+03
1.323171806335449219e+01 -7.387914275209271686e+00 -2.615624718731210052e+00 1.604308904094440777e+03 2.000162915774744352e-02 5.168545590500631115e-03 1.165455985125963233e-02 0.000000000000000000e+00 0.000000000000000000e+00 1.500000000000000000e+03
1.326511311531066895e+01 -6.871360675655167505e+00 -1.877097510596261287e+00 1.602932040803038035e+03 2.286709698209826377e-02 2.546637186999003554e-03 1.328634173400101461e-02 0.000000000000000000e+00 0.000000000000000000e+00 1.500000000000000000e+03
1.329835867881774902e+01 -6.384263738659438303e+00 -1.133498938290512292e+00 1.601792024128352296e+03 2.682786377302217445e-02 1.787263142349009839e-03 1.618749754583970885e-02 0.000000000000000000e+00 0.000000000000000000e+00 1.500000000000000000e+03
1.333185148239135742e+01 -6.038923777026732331e+00 -4.938002971324549351e-01 1.600503176892022566e+03 2.455779073845446719e-02 1.378594396015354970e-03 2.046617279315548349e-02 0.000000000000000000e+00 0.000000000000000000e+00 1.500000000000000000e+03
1.336556816101074219e+01 -5.757225025591010237e+00 -2.416008192096938956e-01 1.599566646624425857e+03 2.642726815367269638e-02 1.442356641977738437e-03 2.147255861445101707e-02 0.000000000000000000e+00 0.000000000000000000e+00 1.500000000000000000e+03
1.339760398864746094e+01 -5.502387382083136380e+00 -3.425163287663479661e-02 1.598381375678902486e+03 2.573507620349927902e-02 3.285233373126359487e-03 2.443846709366379044e-02 0.000000000000000000e+00 0.000000000000000000e+00 1.500000000000000000e+03
1.343035650253295898e+01 -5.422613611723881455e+00 -1.289390442244009449e-01 1.597478035270678674e+03 2.533834400720194613e-02 3.133860497998449367e-04 2.779169013691752330e-02 0.000000000000000000e+00 0.000000000000000000e+00 1.500000000000000000e+03
1.346543622016906738e+01 -5.426474721505846865e+00 -3.133034475914495687e-01 1.596575355789149398e+03 2.870591052642101904e-02 -2.008015938853735353e-03 2.987387634382628748e-02 0.000000000000000000e+00 0.000000000000000000e+00 1.500000000000000000e+03
1.349875402450561523e+01 -5.516874209407775176e+00 -7.974481515416380617e-01 1.595725848230516931e+03 2.201476351036643631e-02 1.315991218523735211e-03 3.228324154669272306e-02 0.000000000000000000e+00 0.000000000000000000e+00 1.500000000000000000e+03
1.353184700012207031e+01 -5.717329836233113305e+00 -1.388953735756603747e+00 1.595094232474883711e+03 2.111670406595479027e-02 6.933506790936859281e-04 3.595794748517482098e-02 0.000000000000000000e+00 0.000000000000000000e+00 1.500000000000000000e+03
1.356049466133117676e+01 -6.055411618761855408e+00 -2.065796869342098496e+00 1.594552391993035599e+03 1.578639139712244635e-02 2.446221865259932439e-03 3.908081256123780572e-02 0.000000000000000000e+00 0.000000000000000000e+00 1.500000000000000000e+03
1.359383845329284668e+01 -6.453500168080011257e+00 -2.830241282771050582e+00 1.594050875997009598e+03 1.176119598003586182e-02 4.801859948607096855e-03 4.210629432340659561e-02 0.000000000000000000e+00 0.000000000000000000e+00 1.500000000000000000e+03
1.362726354598999023e+01 -6.851274397195611598e+00 -3.558570451148387992e+00 1.593265475965441965e+03 8.753809497646264023e-03 6.703620961613718753e-03 4.526932107356811119e-02 0.000000000000000000e+00 0.000000000000000000e+00 1.500000000000000000e+03
1.366095876693725586e+01 -7.320356170504943805e+00 -4.444686873818967321e+00 1.592826546324012725e+03 4.221261910512697814e-03 1.006917570980143430e-02 4.698646603554793716e-02 0.000000000000000000e+00 0.000000000000000000e+00 1.500000000000000000e+03
1.369793057441711426e+01 -7.876591344540434747e+00 -5.168768871226594896e+00 1.592379595792837335e+03 3.096667988672978334e-04 1.122824607380671670e-02 4.935443344867271320e-02 0.000000000000000000e+00 0.000000000000000000e+00 1.500000000000000000e+03
1.373219799995422363e+01 -8.295274758513006219e+00 -5.771161085916681088e+00 1.591911549573917455e+03 -4.788410661481914271e-03 1.280600987176610736e-02 4.933639229440871243e-02 0.000000000000000000e+00 0.000000000000000000e+00 1.500000000000000000e+03
1.376541113853454590e+01 -8.954132170835411131e+00 -6.388397877933556401e+00 1.591296013271926995e+03 -9.970105068119785793e-03 1.564099741334555593e-02 5.501009067308827716e-02 0.000000000000000000e+00 0.000000000000000000e+00 1.500000000000000000e+03
1.379894876480102539e+01 -9.151278419632394190e+00 -6.730752775654069708e+00 1.590936703308064807e+03 -7.807645217138788063e-03 1.159844335083311424e-02 5.489103474742681316e-02 0.000000000000000000e+00 0.000000000000000000e+00 1.500000000000000000e+03
1.383104205131530762e+01 -9.528289800060846915e+00 -6.925089634894280977e+00 1.590612338394931385e+03 -5.124977547207185992e-03 1.424876677099961783e-02 5.570278408112876167e-02 0.000000000000000000e+00 0.000000000000000000e+00 1.500000000000000000e+03
1.386515355110168457e+01 -9.888255087408133193e+00 -7.000654677370888201e+00 1.590175876665568239e+03 -3.826350872723177643e-03 1.547779569631138434e-02 5.625921306249406090e-02 0.000000000000000000e+00 0.000000000000000000e+00 1.500000000000000000e+03
1.389837431907653809e+01 -1.025376211702707785e+01 -7.042223563136065678e+00 1.589680498443981833e+03 -4.632956835568204611e-03 1.841267062447891206e-02 5.722462799420727914e-02 0.000000000000000000e+00 0.000000000000000000e+00 1.500000000000000000e+03
1.393177747726440430e+01 -1.073528894999242667e+01 -7.058197070855763755e+00 1.588892892514106734e+03 -4.815512972667216826e-03 2.076903879252180174e-02 5.855413832845045297e-02 0.000000000000000000e+00 0.000000000000000000e+00 1.500000000000000000e+03
1.396515774726867676e+01 -1.086579292281451714e+01 -6.781115400058290277e+00 1.588488751061014909e+03 -2.024549465797277539e-03 2.093708464967019775e-02 5.849352234230965897e-02 0.000000000000000000e+00 0.000000000000000000e+00 1.500000000000000000e+03
1.399826645851135254e+01 -1.090957482926843802e+01 -6.399994844740680477e+00 1.588239293692076899e+03 8.932157230331992225e-04 1.979040559081461648e-02 5.837291833266529395e-02 0.000000000000000000e+00 0.000000000000000000e+00 1.500000000000000000e+03
1.403202819824218750e+01 -1.081929647448509613e+01 -5.901887807858549273e+00 1.587930763182488818e+03 2.367819240600621631e-03 1.950720367336425051e-02 5.821429220917111874e-02 0.000000000000000000e+00 0.000000000000000000e+00 1.500000000000000000e+03
1.406524944305419922e+01 -1.046835231766745622e+01 -5.311227854308945950e+00 1.587408943725602967e+03 5.707106916038307692e-03 1.854987169929622412e-02 5.675186996115991894e-02 0.000000000000000000e+00 0.000000000000000000e+00 1.500000000000000000e+03
1.409874963760375977e+01 -1.036699993764490202e+01 -4.830956026210554199e+00 1.587230034361421758e+03 3.323863500302153690e-03 2.031520483020677129e-02 5.912492720005094876e-02 0.000000000000000000e+00 0.000000000000000000e+00 1.500000000000000000e+03
1.413243007659912109e+01 -1.013760262623785735e+01 -4.323978599171413251e+00 1.586576112806115816e+03 4.907689012449353849e-03 2.061250896193129317e-02 5.970435093538167121e-02 0.000000000000000000e+00 0.000000000000000000e+00 1.500000000000000000e+03
1.416526174545288086e+01 -9.794030365419999384e+00 -3.839519451330805300e+00 1.585943201432497972e+03 1.627613418340707538e-02 1.142646063541095935e-02 5.858323353329972921e-02 0.000000000000000000e+00 0.000000000000000000e+00 1.500000000000000000e+03
1.419897747039794922e+01 -9.448684502188964274e+00 -3.415576669489050587e+00 1.585656573748972733e+03 1.753141027013531764e-02 1.034721540803993853e-02 5.860415602757095693e-02 0.000000000000000000e+00 0.000000000000000000e+00 1.500000000000000000e+03
1.423179936408996582e+01 -9.014144632142217617e+00 -2.950890541957194912e+00 1.585505292607013189e+03 1.679748043777777242e-02 8.887239955654458248e-03 6.077021852000717012e-02 0.000000000000000000e+00 0.000000000000000000e+00 1.500000000000000000e+03
1.426500797271728516e+01 -8.663749443927446947e+00 -2.757829113498863727e+00 1.585277294202078338e+03 1.785592049866679965e-02 8.713736325333532387e-03 6.150644794662220305e-02 0.000000000000000000e+00 0.000000000000000000e+00 1.500000000000000000e+03
1.429884910583496094e+01 -8.255138883256130100e+00 -2.690598699436577590e+00 1.585145621894907435e+03 1.534943121995354341e-02 8.707099916333711428e-03 6.185894734109206178e-02 0.000000000000000000e+00 0.000000000000000000e+00 1.500000000000000000e+03
1.433164286613464355e+01 -7.968582582871665210e+00 -2.560150081568734137e+00 1.584919987135320071e+03 1.511976916130043994e-02 8.273167887180576940e-03 6.299537729579660073e-02 0.000000000000000000e+00 0.000000000000000000e+00 1.500000000000000000e+03
1.436540436744689941e+01 -7.700732272587078597e+00 -2.816317055027622640e+00 1.584869025198711597e+03 1.460549860449827410e-02 7.987921888376098636e-03 6.308324147176691543e-02 0.000000000000000000e+00 0.000000000000000000e+00 1.500000000000000000e+03
1.439690017700195312e+01 -7.505534810822367398e+00 -3.090949018444266727e+00 1.584681451127018136e+03 1.464139060693284838e-02 5.506278932830831543e-03 6.259669237303899791e-02 0.000000000000000000e+00 0.000000000000000000e+00 1.500000000000000000e+03
1.443057847023010254e+01 -7.421108989745325957e+00 -3.483387207694703669e+00 1.584460602170529683e+03 1.363332761219643308e-02 4.289522001757783629e-03 6.294090724525633340e-02 0.000000000000000000e+00 0.000000000000000000e+00 1.500000000000000000e+03
1.446483492851257324e+01 -7.470899741705643748e+00 -3.923017531204353592e+00 1.584395310943466484e+03 1.018706328444855640e-02 5.278572711168083229e-03 6.301249857105546692e-02 0.000000000000000000e+00 0.000000000000000000e+00 1.500000000000000000e+03
1.449843788146972656e+01 -7.696840530816032810e+00 -4.561964125010942617e+00 1.583426598426978444e+03 8.091679706118976717e-03 6.003066923159800818e-03 6.225573117983428106e-02 0.000000000000000000e+00 0.000000000000000000e+00 1.500000000000000000e+03
1.453167867660522461e+01 -7.843700846482240863e+00 -5.218568443936008272e+00 1.583522462620670012e+03 7.414287166018552512e-03 4.262962540995800589e-03 6.045114656156439642e-02 0.000000000000000000e+00 0.000000000000000000e+00 1.500000000000000000e+03
1.456018257141113281e+01 -8.072261891958028457e+00 -5.707633237736025933e+00 1.583309740366189089e+03 5.856242842044285211e-03 6.941975043815931321e-03 6.032658830873680739e-02 0.000000000000000000e+00 0.000000000000000000e+00 1.500000000000000000e+03
1.459386968612670898e+01 -8.376577011403282924e+00 -6.265709238685301941e+00 1.583129602700308396e+03 1.812295423365439286e-03 8.611889444092590135e-03 5.908205176950202114e-02 0.000000000000000000e+00 0.000000000000000000e+00 1.500000000000000000e+03
1.462705206871032715e+01 -8.670430893669140104e+00 -6.674299174333294005e+00 1.582702631405143165e+03 -5.598363148067718757e-04 1.099867563281968670e-02 5.897508142577046614e-02 0.000000000000000000e+00 0.000000000000000000e+00 1.500000000000000000e+03
1.466507101058959961e+01 -8.933867612918074741e+00 -7.088636559392218928e+00 1.582662848516685699e+03 -1.595032053953572863e-03 1.478954579625515672e-02 5.643488945086422293e-02 0.000000000000000000e+00 0.000000000000000000e+00 1.500000000000000000e+03
1.469841504096984863e+01 -9.187059899499468330e+00 -7.428561028238588548e+00 1.582565936693193180e+03 -2.248102928142014720e-03 1.314285659736399645e-02 5.607518645265804902e-02 0.000000000000000000e+00 0.000000000000000000e+00 1.500000000000000000e+03
1.473184680938720703e+01 -9.447281677360175323e+00 -7.516415213862640776e+00 1.582430706624418235e+03 -4.950726677769507963e-03 1.501361366657226123e-02 5.499838957945743512e-02 0.000000000000000000e+00 0.000000000000000000e+00 1.500000000000000000e+03
1.476545858383178711e+01 -9.712094949678956368e+00 -7.644780588133778032e+00 1.582131477089218151e+03 -4.717244880057808523e-03 1.448389853295241510e-02 5.327330647195271246e-02 0.000000000000000000e+00 0.000000000000000000e+00 1.500000000000000000e+03
1.479861664772033691e+01 -9.892945900429872097e+00 -7.625470100430166376e+00 1.581614423290594459e+03 -6.001145390703810714e-03 1.442860929330191597e-02 5.226233898263554084e-02 0.000000000000000000e+00 0.000000000000000000e+00 1.500000000000000000e+03
1.483179688453674316e+01 -1.009850922070232926e+01 -7.553199135350622484e+00 1.580955839524297971e+03 -6.206309970477580373e-03 1.866983933838172946e-02 5.059614676110995440e-02 0.000000000000000000e+00 0.000000000000000000e+00 1.500000000000000000e+03
1.486511826515197754e+01 -1.023811756295950559e+01 -7.498488787099866215e+00 1.580569946280084878e+03 -4.590490124051392444e-03 2.095272391244278054e-02 4.774546264015155222e-02 0.000000000000000000e+00 0.000000000000000000e+00 1.500000000000000000e+03
1.489844036102294922e+01 -1.016325222878891132e+01 -7.193594830182443722e+00 1.580285181823043331e+03 -4.570243764948388361e-03 1.925747883916515552e-02 4.561404032886014204e-02 0.000000000000000000e+00 0.000000000000000000e+00 1.500000000000000000e+03
1.493161606788635254e+01 -1.019236620919271630e+01 -7.088471073021655577e+00 1.579370446118450445e+03 7.039562423797247372e-04 2.001430398899065738e-02 4.218343062660709353e-02 0.000000000000000000e+00 0.000000000000000000e+00 1.500000000000000000e+03
1.496507453918457031e+01 -1.003593017491647998e+01 -6.655165554019632168e+00 1.578743502163885751e+03 1.622884642034408713e-03 2.157179682378676522e-02 4.177124813655359870e-02 0.000000000000000000e+00 0.000000000000000000e+00 1.500000000000000000e+03
1.499882936477661133e+01 -9.713907634004335989e+00 -6.093940920152665974e+00 1.578324357154587688e+03 -2.708772920336704481e-05 2.062818456600095871e-02 4.095025366121539390e-02 0.000000000000000000e+00 0.000000000000000000e+00 1.500000000000000000e+03
1.503239059448242188e+01 -9.356374153204871646e+00 -5.762054906429606049e+00 1.577904187505428126e+03 -1.042029117534416967e-03 2.012710189188447740e-02 3.979783098490837639e-02 0.000000000000000000e+00 0.000000000000000000e+00 1.500000000000000000e+03
1.506479573249816895e+01 -8.924537320286074049e+00 -5.326690464066486719e+00 1.577170040171968594e+03 3.613663181740785213e-03 1.824950274566507560e-02 3.868413377738798981e-02 0.000000000000000000e+00 0.000000000000000000e+00 1.500000000000000000e+03
1.509874224662780762e+01 -8.352786590975156855e+00 -4.895584800592962971e+00 1.576513454728361694e+03 4.835415890284531018e-03 1.733439766586391054e-02 3.703765321080203926e-02 0.000000000000000000e+00 0.000000000000000000e+00 1.500000000000000000e+03
1.513212370872497559e+01 -7.733409169119083160e+00 -4.533021362775718544e+00 1.575823615795538899e+03 7.324786920577378013e-03 1.713866663752404082e-02 3.563338847253082198e-02 0.000000000000000000e+00 0.000000000000000000e+00 1.500000000000000000e+03
1.516523718833923340e+01 -6.969379882773648838e+00 -4.069791048484906248e+00 1.575034027132604479e+03 9.812478551616994615e-03 1.279182593589747036e-02 3.417726484601241177e-02 0.000000000000000000e+00 0.000000000000000000e+00 1.500000000000000000e+03
1.519836544990539551e+01 -6.395469028846012982e+00 -3.898481676183822131e+00 1.574383642689941325e+03 8.882083476572022115e-03 1.021450382125709336e-02 3.265248527032882375e-02 0.000000000000000000e+00 0.000000000000000000e+00 1.500000000000000000e+03
1.523263382911682129e+01 -5.860081897360879033e+00 -3.744184960634401094e+00 1.573513694844512202e+03 1.570703885659075275e-02 2.362587164337264477e-03 3.146420834762575502e-02 0.000000000000000000e+00 0.000000000000000000e+00 1.500000000000000000e+03
1.526506543159484863e+01 -5.294768383232042019e+00 -3.472711200273980392e+00 1.572706895508275693e+03 1.522724269966292676e-02 2.933335373729398145e-03 3.236365427659665395e-02 0.000000000000000000e+00 0.000000000000000000e+00 1.500000000000000000e+03
1.529855203628540039e+01 -4.904626335849163965e+00 -3.421885908566521195e+00 1.571918313242864997e+03 1.498988637497645181e-02 2.182417356526587630e-03 3.275747990113891950e-02 0.000000000000000000e+00 0.000000000000000000e+00 1.500000000000000000e+03
1.533194971084594727e+01 -4.580109266781416721e+00 -3.393598533318441746e+00 1.571207736301447540e+03 1.413749911514752648e-02 1.185073568960130991e-03 3.316441767064687990e-02 0.000000000000000000e+00 0.000000000000000000e+00 1.500000000000000000e+03
1.536506605148315430e+01 -4.328446141781365775e+00 -3.441121318807939922e+00 1.570468562602580278e+03 1.411296338890147967e-02 7.586487903196245273e-04 3.277437928651087684e-02 0.000000000000000000e+00 0.000000000000000000e+00 1.500000000000000000e+03
1.539568829536437988e+01 -4.194942494681352940e+00 -3.573413249041175632e+00 1.569847270876726043e+03 1.008097903214982653e-02 1.293914079422397220e-03 3.384435143313929695e-02 0.000000000000000000e+00 0.000000000000000000e+00 1.500000000000000000e+03
1.542748594284057617e+01 -4.196094047272145744e+00 -3.628605500230447145e+00 1.569193600275246581e+03 8.799174521335462532e-03 4.854113957905276111e-03 3.473464695067203512e-02 0.000000000000000000e+00 0.000000000000000000e+00 1.500000000000000000e+03
1.546570920944213867e+01 -4.243081237509225723e+00 -3.847562809807484552e+00 1.568566645181842887e+03 1.048875354831621011e-02 4.214083213205760750e-03 3.554350066484024406e-02 0.000000000000000000e+00 0.000000000000000000e+00 1.500000000000000000e+03
1.549883127212524414e+01 -4.332070935950865120e+00 -4.098614006613928495e+00 1.567994626988102482e+03 9.957061162719408817e-03 4.746344488133809845e-03 3.612815140036808315e-02 0.000000000000000000e+00 0.000000000000000000e+00 1.500000000000000000e+03
1.553221297264099121e+01 -4.547045580729842662e+00 -4.384497244840933838e+00 1.567466153280997332e+03 9.265251543003000592e-03 5.826097160157984664e-03 3.732782707007239326e-02 0.000000000000000000e+00 0.000000000000000000e+00 1.500000000000000000e+03
1.556094336509704590e+01 -4.845598161045559849e+00 -4.675147295831800776e+00 1.566934825829125884e+03 5.125933862045906064e-03 8.575876384090654753e-03 3.911752902222163236e-02 0.000000000000000000e+00 0.000000000000000000e+00 1.500000000000000000e+03
1.559329724311828613e+01 -5.105317828156334059e+00 -4.947670890868417715e+00 1.566447898512267102e+03 5.925189812615111462e-03 6.077979508798421644e-03 3.937772178620572994e-02 0.000000000000000000e+00 0.000000000000000000e+00 1.500000000000000000e+03
1.562722158432006836e+01 -5.409570138760090074e+00 -5.337857549915049127e+00 1.566030036850254874e+03 3.161988919397296701e-03 1.023661438429630810e-02 3.833814928234823699e-02 0.000000000000000000e+00 0.000000000000000000e+00 1.500000000000000000e+03
1.566587376594543457e+01 -5.812389761484766382e+00 -5.738530071759281981e+00 1.565524644386115597e+03 2.483880658359433752e-03 9.554243000262932495e-03 3.977247186598149853e-02 0.000000000000000000e+00 0.000000000000000000e+00 1.500000000000000000e+03
1.569921541213989258e+01 -6.178518440833934200e+00 -6.038581872055779343e+00 1.564992959249735122e+03 6.179706079176981899e-03 1.206219033285789444e-02 3.811599796619696140e-02 0.000000000000000000e+00 0.000000000000000000e+00 1.500000000000000000e+03
1.573222184181213379e+01 -6.574763702735603843e+00 -6.289082950999471677e+00 1.564371772404802186e+03 3.127990589470412350e-03 1.347251505047190531e-02 4.018406166096893939e-02 0.000000000000000000e+00 0.000000000000000000e+00 1.500000000000000000e+03
1.576054000854492188e+01 -6.746658284602001565e+00 -6.473305745478897144e+00 1.564260310951020983e+03 7.109049778468670049e-04 1.692560765689693839e-02 3.820648774792814034e-02 0.000000000000000000e+00 0.000000000000000000e+00 1.500000000000000000e+03
1.579477834701538086e+01 -6.959640465380699581e+00 -6.642552469593759668e+00 1.564090291920719437e+03 1.690959550343404871e-03 1.669181771328562269e-02 3.918012743764891920e-02 0.000000000000000000e+00 0.000000000000000000e+00 1.500000000000000000e+03
1.583180713653564453e+01 -7.051989565389314762e+00 -6.638215712643672717e+00 1.563740555576395309e+03 3.201493548397230104e-03 1.720996992724838082e-02 3.989397496031998197e-02 0.000000000000000000e+00 0.000000000000000000e+00 1.500000000000000000e+03
1.586531591415405273e+01 -7.149352118230189568e+00 -6.739567470045274789e+00 1.563532834143885793e+03 2.622878410816829702e-03 1.695033152136387125e-02 4.005311378667501809e-02 0.000000000000000000e+00 0.000000000000000000e+00 1.500000000000000000e+03
1.589872646331787109e+01 -7.135886188639341654e+00 -6.686384087056773673e+00 1.563197388559163073e+03 3.565361474300824274e-03 1.639056064578927815e-02 4.021204449640015249e-02 0.000000000000000000e+00 0.000000000000000000e+00 1.500000000000000000e+03
1.593201708793640137e+01 -7.091636095338937906e+00 -6.654378057980276040e+00 1.563023578290673413e+03 4.956861126416127472e-03 1.332397202232168780e-02 3.940596816559443355e-02 0.000000000000000000e+00 0.000000000000000000e+00 1.500000000000000000e+03
1.596540617942810059e+01 -6.952476481489587634e+00 -6.462633282174407690e+00 1.562694105982419387e+03 4.864370649704235529e-03 1.151511706322506760e-02 4.035923855633488655e-02 0.000000000000000000e+00 0.000000000000000000e+00 1.500000000000000000e+03
1.599826312065124512e+01 -6.841411295283418958e+00 -6.403278876300863232e+00 1.562480690970014848e+03 4.522706605380988863e-03 1.011764022948061052e-02 3.989662125049008717e-02 0.000000000000000000e+00 0.000000000000000000e+00 1.500000000000000000e+03
1.603201675415039062e+01 -6.744777879947237764e+00 -6.179668742726290631e+00 1.562139108078196841e+03 7.823632195326674392e-04 1.314248546363573980e-02 4.093126405753692160e-02 0.000000000000000000e+00 0.000000000000000000e+00 1.500000000000000000e+03
1.606585764884948730e+01 -6.776821135703469778e+00 -6.004641831042089706e+00 1.561610659004594481e+03 -1.623971572681169508e-03 1.209784750163979059e-02 4.349642533994686061e-02 0.000000000000000000e+00 0.000000000000000000e+00 1.500000000000000000e+03
1.609873533248901367e+01 -6.430604674451953606e+00 -5.667146649576625173e+00 1.561475677340257334e+03 5.938165531522408142e-03 8.592699377830036872e-03 3.987878292905627092e-02 0.000000000000000000e+00 0.000000000000000000e+00 1.500000000000000000e+03
1.613168740272521973e+01 -6.317670949829137683e+00 -5.404327091423563267e+00 1.561189546726215212e+03 1.496760141896130020e-03 1.129503856011250702e-02 4.080498046915392168e-02 0.000000000000000000e+00 0.000000000000000000e+00 1.500000000000000000e+03
1.616523957252502441e+01 -6.131327144830556186e+00 -5.198017521448734968e+00 1.560731312787151865e+03 6.743118588807692042e-03 8.996343303246986944e-03 4.018151556512523231e-02 0.000000000000000000e+00 0.000000000000000000e+00 1.500000000000000000e+03
1.619837617874145508e+01 -6.042295266911236418e+00 -4.889807830346650341e+00 1.560345887426879244e+03 8.850280875635095981e-03 6.509610098925170882e-03 3.957553271149849561e-02 0.000000000000000000e+00 0.000000000000000000e+00 1.500000000000000000e+03
1.623227381706237793e+01 -5.949509504106226920e+00 -4.632074381690335585e+00 1.559804624021349582e+03 8.487567523658571048e-03 5.379033376491083179e-03 4.046218324878664979e-02 0.000000000000000000e+00 0.000000000000000000e+00 1.500000000000000000e+03
1.626562643051147461e+01 -5.829682225204055435e+00 -4.357705115402874085e+00 1.559267065948333993e+03 1.050894092968011895e-02 6.241862254307737126e-03 3.965749738735244168e-02 0.000000000000000000e+00 0.000000000000000000e+00 1.500000000000000000e+03
1.629881525039672852e+01 -5.743553247153553087e+00 -4.224331937914348245e+00 1.559168837205582804e+03 8.894568454881729772e-03 8.631234125463956713e-03 3.979951768337980367e-02 0.000000000000000000e+00 0.000000000000000000e+00 1.500000000000000000e+03
1.633223962783813477e+01 -5.720069866311130902e+00 -3.999133141200898578e+00 1.558694426635254331e+03 9.136223635670664284e-03 8.509396164784946773e-03 3.961056439361465564e-02 0.000000000000000000e+00 0.000000000000000000e+00 1.500000000000000000e+03
1.636491775512695312e+01 -5.722931135411515768e+00 -3.837407185469359661e+00 1.558221488590135095e+03 8.189824937349638942e-03 8.732965013514367228e-03 3.981782195742807756e-02 0.000000000000000000e+00 0.000000000000000000e+00 1.500000000000000000e+03
1.639673590660095215e+01 -5.854259911297670094e+00 -3.769093937917906700e+00 1.557721175771347362e+03 8.269674138707090380e-03 8.110127870865469976e-03 4.025389514399389801e-02 0.000000000000000000e+00 0.000000000000000000e+00 1.500000000000000000e+03
1.643129134178161621e+01 -5.970171593064691251e+00 -3.652683859054162152e+00 1.557335134178937324e+03 4.762366175697872565e-03 9.810572108468130353e-03 4.069530188438624102e-02 0.000000000000000000e+00 0.000000000000000000e+00 1.500000000000000000e+03
1.646498322486877441e+01 -6.022387256036108028e+00 -3.559663784272360409e+00 1.556822046738235031e+03 4.277600378992950196e-03 8.044808095209219495e-03 4.077153804851221114e-02 0.000000000000000000e+00 0.000000000000000000e+00 1.500000000000000000e+03
1.649855852127075195e+01 -6.043732988386366856e+00 -3.650068925991770463e+00 1.556518877271331803e+03 4.024984000357672773e-03 9.157196641703285386e-03 4.022607021492227014e-02 0.000000000000000000e+00 0.000000000000000000e+00 1.500000000000000000e+03
1.653238344192504883e+01 -6.091418313911248106e+00 -3.657393841031539861e+00 1.555988808821938619e+03 6.765573298492836771e-03 7.468114515226645725e-03 3.903270391565381164e-02 0.000000000000000000e+00 0.000000000000000000e+00 1.500000000000000000e+03
1.655998396873474121e+01 -6.116512998062765938e+00 -3.665470226291511757e+00 1.555655375890111600e+03 5.706316150476687873e-03 1.068760951440581204e-02 3.794555141256176350e-02 0.000000000000000000e+00 0.000000000000000000e+00 1.500000000000000000e+03
1.659344053268432617e+01 -6.274553795021716951e+00 -3.607795688097077402e+00 1.555104950593088915e+03 5.180321107643749701e-03 1.020131537244037788e-02 3.787061618066139834e-02 0.000000000000000000e+00 0.000000000000000000e+00 1.500000000000000000e+03
1.662737393379211426e+01 -6.382515356922987770e+00 -3.675646038588001652e+00 1.554754911803295499e+03 3.999822121187957338e-03 9.624775044530086560e-03 3.689289735570890072e-02 0.000000000000000000e+00 0.000000000000000000e+00 1.500000000000000000e+03
1.666120600700378418e+01 -6.805671619230881930e+00 -3.821814713570330646e+00 1.554028230023419383e+03 4.030459927868948466e-03 1.041510170878512213e-02 3.778350709149491671e-02 0.000000000000000000e+00 0.000000000000000000e+00 1.500000000000000000e+03
1.669709587097167969e+01 -6.911340371667757054e+00 -3.919528718489353469e+00 1.553870856174791015e+03 -1.365010023270996943e-03 1.066557862746991825e-02 3.745763117695562888e-02 0.000000000000000000e+00 0.000000000000000000e+00 1.500000000000000000e+03
1.673212265968322754e+01 -7.032057177158462125e+00 -3.800110832308078113e+00 1.553517096221271913e+03 4.888230010010616387e-04 1.526006370159471368e-02 3.659780650964630788e-02 0.000000000000000000e+00 0.000000000000000000e+00 1.500000000000000000e+03
1.676521182060241699e+01 -7.116629098959208477e+00 -3.895716027161142847e+00 1.553212084006022906e+03 -2.564605685857050156e-03 1.565931822577568133e-02 3.568467112953697951e-02 0.000000000000000000e+00 0.000000000000000000e+00 1.500000000000000000e+03
1.679861760139465332e+01 -7.212700320209005866e+00 -3.782383531724282655e+00 1.552744238915224969e+03 -2.040863053404073663e-03 1.527709784275389435e-02 3.519082823153189127e-02 0.000000000000000000e+00 0.000000000000000000e+00 1.500000000000000000e+03
1.683197164535522461e+01 -7.295673926920797747e+00 -3.797069023061143245e+00 1.552191156955768292e+03 -2.841664074388790522e-03 1.377391968136456799e-02 3.510078376737253009e-02 0.000000000000000000e+00 0.000000000000000000e+00 1.500000000000000000e+03
1.686515355110168457e+01 -7.268123234181464554e+00 -3.667658711596524679e+00 1.551745463644625715e+03 -2.192821751047765826e-03 1.323501881187402231e-02 3.372833791501778089e-02 0.000000000000000000e+00 0.000000000000000000e+00 1.500000000000000000e+03
1.689846491813659668e+01 -7.109540618046912286e+00 -3.527532274280602564e+00 1.551507560010326642e+03 1.503928541257509811e-03 1.219332491498308600e-02 2.976824840979803641e-02 0.000000000000000000e+00 0.000000000000000000e+00 1.500000000000000000e+03
1.693142485618591309e+01 -7.086030356414236842e+00 -3.290653574833318551e+00 1.550898190359220280e+03 2.513239258264693063e-03 1.491507945812294532e-02 3.030218396933104241e-02 0.000000000000000000e+00 0.000000000000000000e+00 1.500000000000000000e+03
1.696509122848510742e+01 -7.042771885182647296e+00 -3.243699378329818472e+00 1.550563958656961859e+03 3.072632379760835246e-03 1.272583485944446882e-02 2.876306819751131560e-02 0.000000000000000000e+00 0.000000000000000000e+00 1.500000000000000000e+03
1.699884724617004395e+01 -6.980057715213360936e+00 -3.010487406509030794e+00 1.550089184114052841e+03 5.291467279144548841e-03 1.112644179675331690e-02 2.869059185094353578e-02 0.000000000000000000e+00 0.000000000000000000e+00 1.500000000000000000e+03
1.703167486190795898e+01 -6.934587592399633849e+00 -2.931581555552492446e+00 1.549506536969238368e+03 5.350653792597839277e-03 8.910458615616304034e-03 2.953289052384243385e-02 0.000000000000000000e+00 0.000000000000000000e+00 1.500000000000000000e+03
1.706572794914245605e+01 -7.028515933259617654e+00 -2.794859741230030892e+00 1.549059490880173826e+03 6.176184336491947514e-03 1.179809692104836355e-02 3.142297601396396023e-02 0.000000000000000000e+00 0.000000000000000000e+00 1.500000000000000000e+03
1.709863877296447754e+01 -6.729694575457522809e+00 -2.660550787556115182e+00 1.548570843648278014e+03 8.361235837208630395e-03 9.726021634108477157e-03 2.896484271715915951e-02 0.000000000000000000e+00 0.000000000000000000e+00 1.500000000000000000e+03
1.713186860084533691e+01 -6.581837454696118250e+00 -2.510315901200795174e+00 1.548007782843101722e+03 8.532970066849753996e-03 1.021077124374255782e-02 2.898605618556454599e-02 0.000000000000000000e+00 0.000000000000000000e+00 1.500000000000000000e+03
1.716583824157714844e+01 -6.503641784737177467e+00 -2.494629907342274855e+00 1.547431153765064892e+03 8.016181043676797249e-03 1.126959054811106295e-02 2.999546575856520958e-02 0.000000000000000000e+00 0.000000000000000000e+00 1.500000000000000000e+03
1.719875812530517578e+01 -6.348073659168947280e+00 -2.339111951622052654e+00 1.546845981098212178e+03 8.656553174592912167e-03 1.233227233890027072e-02 3.080864724902113508e-02 0.000000000000000000e+00 0.000000000000000000e+00 1.500000000000000000e+03
1.723189473152160645e+01 -6.151634475800879187e+00 -2.474902995773992309e+00 1.546550216738871313e+03 8.061424474934677717e-03 1.137656956942701553e-02 3.035066699053860437e-02 0.000000000000000000e+00 0.000000000000000000e+00 1.500000000000000000e+03
1.726529622077941895e+01 -5.966172121917028726e+00 -2.457347002052758356e+00 1.546040237486524347e+03 9.157692728540767907e-03 1.143406915348553314e-02 3.085803400078071870e-02 0.000000000000000000e+00 0.000000000000000000e+00 1.500000000000000000e+03
1.729878425598144531e+01 -5.732718220532417419e+00 -2.594835502155880658e+00 1.545659373409912178e+03 9.265220203092523060e-03 8.775230802136924774e-03 3.036954921416740519e-02 0.000000000000000000e+00 0.000000000000000000e+00 1.500000000000000000e+03
1.733204627037048340e+01 -5.554208049806104164e+00 -2.693152192163387859e+00 1.545140756691613433e+03 9.301846281292325269e-03 7.943630753531948779e-03 3.031490979231524219e-02 0.000000000000000000e+00 0.000000000000000000e+00 1.500000000000000000e+03
1.736502337455749512e+01 -5.426299243216480050e+00 -2.798565699350175962e+00 1.544532854319786338e+03 6.551538082547811448e-03 7.635931528531658859e-03 3.126034496597334539e-02 0.000000000000000000e+00 0.000000000000000000e+00 1.500000000000000000e+03
1.739425134658813477e+01 -5.385954884067574611e+00 -3.021967408967058510e+00 1.543961918724480029e+03 8.287997646277326866e-03 6.034587518689946140e-03 2.896713257655641680e-02 0.000000000000000000e+00 0.000000000000000000e+00 1.500000000000000000e+03
1.742774558067321777e+01 -5.395915130770695178e+00 -3.029704356405068744e+00 1.543448887047739390e+03 7.136222230066845140e-03 6.514504680549756260e-03 2.995205342391669967e-02 0.000000000000000000e+00 0.000000000000000000e+00 1.500000000000000000e+03
1.746270775794982910e+01 -5.347163917316645865e+00 -3.079780698227897684e+00 1.543015263275612142e+03 3.920284962850380597e-03 8.382154470903742383e-03 3.002994232490371548e-02 0.000000000000000000e+00 0.000000000000000000e+00 1.500000000000000000e+03
1.749897718429565430e+01 -5.328986339805903860e+00 -2.919339577627432014e+00 1.542635154480643678e+03 3.892736316247277111e-04 1.092162604894486577e-02 3.184299443423543874e-02 0.000000000000000000e+00 0.000000000000000000e+00 1.500000000000000000e+03
1.753213357925415039e+01 -5.350101998365993872e+00 -3.144581042625290923e+00 1.542031013840381775e+03 7.280813105414184888e-03 9.136270499161427625e-03 3.090515095774646823e-02 0.000000000000000000e+00 0.000000000000000000e+00 1.500000000000000000e+03
1.756578612327575684e+01 -5.464500209609844283e+00 -3.169360855135694433e+00 1.541631515501253034e+03 6.757324693693373893e-03 6.926620496602522645e-03 3.159084206896025510e-02 0.000000000000000000e+00 0.000000000000000000e+00 1.500000000000000000e+03
1.759335327148437500e+01 -5.474069490489373635e+00 -3.104847789388950119e+00 1.541035798412307031e+03 8.207247007499829730e-03 8.514579785377233284e-03 3.232335348151045562e-02 0.000000000000000000e+00 0.000000000000000000e+00 1.500000000000000000e+03
1.762731647491455078e+01 -5.544958501853063382e+00 -3.109007700709217836e+00 1.540712531922876451e+03 3.485973786681993702e-03 1.211543104036421487e-02 3.290982435046453658e-02 0.000000000000000000e+00 0.000000000000000000e+00 1.500000000000000000e+03
1.766222167015075684e+01 -5.680256284006540923e+00 -3.041577084882522541e+00 1.539969180351761679e+03 2.148738386103403453e-03 1.324727111063286021e-02 3.531853121665955858e-02 0.000000000000000000e+00 0.000000000000000000e+00 1.500000000000000000e+03
1.769800949096679688e+01 -5.703687167149205983e+00 -2.975094901794562041e+00 1.539378401182949801e+03 3.792161467116385559e-03 1.212007037037751873e-02 3.588539631980079692e-02 0.000000000000000000e+00 0.000000000000000000e+00 1.500000000000000000e+03
1.773227500915527344e+01 -5.725540723224433748e+00 -2.927133525972034356e+00 1.538926258802224993e+03 8.299916455059045198e-03 1.092483811211937030e-02 3.562510990976820724e-02 0.000000000000000000e+00 0.000000000000000000e+00 1.500000000000000000e+03
1.776543927192687988e+01 -5.621480078493182653e+00 -2.866815860155734530e+00 1.538262849094035573e+03 8.276250758431765928e-03 1.109192614316569132e-02 3.634520635942665306e-02 0.000000000000000000e+00 0.000000000000000000e+00 1.500000000000000000e+03
1.779845690727233887e+01 -5.517525313305458035e+00 -2.717367537110813913e+00 1.537672865052403949e+03 9.060188383123874908e-03 1.081418006570760044e-02 3.798234172082368132e-02 0.000000000000000000e+00 0.000000000000000000e+00 1.500000000000000000e+03
1.783196616172790527e+01 -5.397052213811095456e+00 -2.555386671413598876e+00 1.537270244878037147e+03 8.292635099473047444e-03 9.946890177185373910e-03 3.896565140817690592e-02 0.000000000000000000e+00 0.000000000000000000e+00 1.500000000000000000e+03
1.786498689651489258e+01 -5.345648808357577941e+00 -2.402956102945678296e+00 1.536562646337096794e+03 6.426242842341442670e-03 7.058126589788565712e-03 4.181870407765173742e-02 0.000000000000000000e+00 0.000000000000000000e+00 1.500000000000000000e+03
1.789880490303039551e+01 -5.180529277568144408e+00 -2.385208410917817545e+00 1.536202262695419677e+03 3.618913780958871000e-03 7.010632504067299334e-03 4.212670790201217264e-02 0.000000000000000000e+00 0.000000000000000000e+00 1.500000000000000000e+03
1.793212580680847168e+01 -5.118515742374511568e+00 -2.297556292496776731e+00 1.535774818941798912e+03 4.685902874940718436e-03 7.997000669711715540e-03 4.202865091129963371e-02 0.000000000000000000e+00 0.000000000000000000e+00 1.500000000000000000e+03
1.796539878845214844e+01 -5.362123265881429290e+00 -2.327616451620809990e+00 1.534648410134715732e+03 9.409594473895560238e-03 6.516532905362495270e-03 4.370143313659094475e-02 0.000000000000000000e+00 0.000000000000000000e+00 1.500000000000000000e+03
1.799883747100830078e+01 -5.192749651886733098e+00 -2.179480426380359326e+00 1.534533758862969535e+03 5.411237424046815188e-03 1.067332904099641856e-02 4.388475683755545254e-02 0.000000000000000000e+00 0.000000000000000000e+00 1.500000000000000000e+03
1.803207492828369141e+01 -5.259888072232036471e+00 -2.184200861737889632e+00 1.534198050074323419e+03 5.035026519144558677e-03 1.031906512902281900e-02 4.382803592286155236e-02 0.000000000000000000e+00 0.000000000000000000e+00 1.500000000000000000e+03
1.806560158729553223e+01 -5.357386947167880109e+00 -2.155773136724424166e+00 1.533620080736821137e+03 7.593326326168472508e-03 4.945895199667389892e-03 4.295263689703202742e-02 0.000000000000000000e+00 0.000000000000000000e+00 1.500000000000000000e+03
1.809859108924865723e+01 -5.381108718886501663e+00 -2.039141407812355311e+00 1.532969624091316973e+03 9.378746897464516202e-03 6.517109000954295767e-03 4.323665604356383835e-02 0.000000000000000000e+00 0.000000000000000000e+00 1.500000000000000000e+03
1.813197302818298340e+01 -5.495765719811265271e+00 -1.940436134556172032e+00 1.532863003513901958e+03 2.061124026606101552e-03 8.953185738691721296e-03 4.261535624904631142e-02 0.000000000000000000e+00 0.000000000000000000e+00 1.500000000000000000e+03
1.816493916511535645e+01 -5.627607832899837348e+00 -1.893871290065884061e+00 1.532332562361892087e+03 2.133567976515734436e-03 9.728341393672210874e-03 4.226477733070864440e-02 0.000000000000000000e+00 0.000000000000000000e+00 1.500000000000000000e+03
1.819888901710510254e+01 -5.762492494086003170e+00 -1.883692174311445200e+00 1.532110341063534861e+03 2.950766373999693694e-03 1.057784930595469068e-02 4.050804902682843267e-02 0.000000000000000000e+00 0.000000000000000000e+00 1.500000000000000000e+03
1.823174071311950684e+01 -6.074111119669734826e+00 -1.938897544793222849e+00 1.531398762224119992e+03 6.798014908630815346e-03 5.279811270506824979e-03 3.972194974215232516e-02 0.000000000000000000e+00 0.000000000000000000e+00 1.500000000000000000e+03
1.826512980461120605e+01 -6.188743051461804257e+00 -1.834080190917538822e+00 1.531121768291308854e+03 5.992577414087706632e-03 7.904666492760441254e-03 3.978188933865495214e-02 0.000000000000000000e+00 0.000000000000000000e+00 1.500000000000000000e+03
1.829863286018371582e+01 -6.486344135231686181e+00 -1.834176451585650458e+00 1.530778188406313348e+03 5.474209667445401745e-03 8.437042052018641630e-03 3.931330006750941714e-02 0.000000000000000000e+00 0.000000000000000000e+00 1.500000000000000000e+03
1.833178615570068359e+01 -6.621972814695499920e+00 -1.860257419625773956e+00 1.530390798068727690e+03 7.179579350267195625e-03 8.798762737714469276e-03 3.776382061969493081e-02 0.000000000000000000e+00 0.000000000000000000e+00 1.500000000000000000e+03
1.836540699005126953e+01 -6.763287823221114436e+00 -1.864952141746389680e+00 1.530400754333993746e+03 2.929828019862819929e-03 1.191288562435311761e-02 3.717431852586158825e-02 0.000000000000000000e+00 0.000000000000000000e+00 1.500000000000000000e+03
1.839905142784118652e+01 -6.943183494587596094e+00 -1.902064541334625325e+00 1.530079496789364839e+03 4.683379886569872738e-03 1.435931314823559596e-02 3.565583568259498431e-02 0.000000000000000000e+00 0.000000000000000000e+00 1.500000000000000000e+03
1.842699027061462402e+01 -6.955087643571632228e+00 -1.821407891390617761e+00 1.529780661507897094e+03 4.909235823892407063e-03 1.219816099532612663e-02 3.261229420300026938e-02 0.000000000000000000e+00 0.000000000000000000e+00 1.500000000000000000e+03
1.846100139617919922e+01 -7.126515757776417992e+00 -1.972369984783593599e+00 1.529491982435130240e+03 3.504032459880606493e-03 1.204333429242034070e-02 3.067162442250371754e-02 0.000000000000000000e+00 0.000000000000000000e+00 1.500000000000000000e+03
1.849429965019226074e+01 -7.296415103542022607e+00 -1.947546814547371774e+00 1.529170786687945792e+03 4.515799132290746094e-03 1.314177326126688382e-02 3.040552795859232174e-02 0.000000000000000000e+00 0.000000000000000000e+00 1.500000000000000000e+03
1.853172230720520020e+01 -7.430136741122874255e+00 -2.059387305357123221e+00 1.528922612775044172e+03 2.631714595153029999e-03 1.333226408656414987e-02 2.894912926656352525e-02 0.000000000000000000e+00 0.000000000000000000e+00 1.500000000000000000e+03
1.856289434432983398e+01 -7.568778995633316242e+00 -1.980336634466347778e+00 1.528363359367904195e+03 4.210735140623009937e-03 1.459106341211238375e-02 2.847605087408141417e-02 0.000000000000000000e+00 0.000000000000000000e+00 1.500000000000000000e+03
1.859353303909301758e+01 -7.714599189693744918e+00 -2.065846826570846950e+00 1.528006054380358364e+03 3.975213722486051898e-03 1.359574543970059994e-02 2.687972639517496182e-02 0.000000000000000000e+00 0.000000000000000000e+00 1.500000000000000000e+03
1.862736034393310547e+01 -7.817084800020190016e+00 -1.976246106852872497e+00 1.527509209507034484e+03 6.804303973551084628e-03 1.213433335529880662e-02 2.538841473317652100e-02 0.000000000000000000e+00 0.000000000000000000e+00 1.500000000000000000e+03
1.866075825691223145e+01 -7.858437156104012722e+00 -1.923935603736296462e+00 1.527095037042382955e+03 6.944033722706936460e-03 1.246847141361849196e-02 2.464216191327904537e-02 0.000000000000000000e+00 0.000000000000000000e+00 1.500000000000000000e+03
1.869524836540222168e+01 -7.891336922575757917e+00 -1.865584599121123066e+00 1.526690949778661434e+03 5.807480740606284046e-03 1.308218581534757730e-02 2.392571159667468070e-02 0.000000000000000000e+00 0.000000000000000000e+00 1.500000000000000000e+03
1.872904968261718750e+01 -7.849134751244832842e+00 -1.704260803702561944e+00 1.526184481310505362e+03 6.834117640149326572e-03 1.379330900968255176e-02 2.430404049872900152e-02 0.000000000000000000e+00 0.000000000000000000e+00 1.500000000000000000e+03
1.876510190963745117e+01 -7.792374730615410527e+00 -1.659824091859279038e+00 1.526099014138615985e+03 2.390974034664722185e-03 1.709956915901338428e-02 2.297394576951931888e-02 0.000000000000000000e+00 0.000000000000000000e+00 1.500000000000000000e+03
1.879834127426147461e+01 -7.753409320349083700e+00 -1.358125756291781672e+00 1.525628503752270490e+03 4.433799015068494616e-03 1.579958753980791053e-02 2.409687578502732810e-02 0.000000000000000000e+00 0.000000000000000000e+00 1.500000000000000000e+03
1.883010458946228027e+01 -7.784430752278864496e+00 -1.277277016249667163e+00 1.525368212641930313e+03 -6.134790620384805802e-04 1.227351076062952948e-02 2.609799166366202558e-02 0.000000000000000000e+00 0.000000000000000000e+00 1.500000000000000000e+03
1.886527514457702637e+01 -7.634003173864819303e+00 -1.086742382853213673e+00 1.524960205889887675e+03 2.746178655437935857e-03 1.433640376981096774e-02 2.528849587303628674e-02 0.000000000000000000e+00 0.000000000000000000e+00 1.500000000000000000e+03
1.889910149574279785e+01 -7.378439501441055981e+00 -9.384737104329115009e-01 1.524642493665269740e+03 6.673681176583505514e-03 9.639494432198539298e-03 2.277843936767572422e-02 0.000000000000000000e+00 0.000000000000000000e+00 1.500000000000000000e+03
1.892745351791381836e+01 -7.355028133987342898e+00 -6.859613904402488416e-01 1.524365779109093637e+03 7.759666231446949412e-03 1.075110129841076560e-02 2.379959353607251707e-02 0.000000000000000000e+00 0.000000000000000000e+00 1.500000000000000000e+03
1.896303391456604004e+01 -7.316250446771048743e+00 -5.261222747390628118e-01 1.524013185877037131e+03 9.333559710706592488e-03 1.065386767257092519e-02 2.408755236411503839e-02 0.000000000000000000e+00 0.000000000000000000e+00 1.500000000000000000e+03
1.899838471412658691e+01 -7.322850054374065110e+00 -3.819467412431471476e-01 1.523761366164077344e+03 8.887987796867089646e-03 1.020338578728147844e-02 2.391241623274165118e-02 0.000000000000000000e+00 0.000000000000000000e+00 1.500000000000000000e+03
1.903197860717773438e+01 -7.342549614203541353e+00 -2.693404012351070520e-01 1.523290177273683639e+03 1.185262634283782736e-02 9.882372512068943182e-03 2.592523342303123396e-02 0.000000000000000000e+00 0.000000000000000000e+00 1.500000000000000000e+03
1.906529450416564941e+01 -7.383099882404616565e+00 -3.254043126835062250e-01 1.523101377479138137e+03 8.166935946641308910e-03 1.175153905274193937e-02 2.515555059693531589e-02 0.000000000000000000e+00 0.000000000000000000e+00 1.500000000000000000e+03
1.909853863716125488e+01 -7.462150419886667052e+00 -3.079968299629860518e-01 1.522688618041702057e+03 1.226414724776986320e-02 1.146753976793309440e-02 2.802212569219943161e-02 0.000000000000000000e+00 0.000000000000000000e+00 1.500000000000000000e+03
1.913204550743103027e+01 -7.884413772243922480e+00 -5.062824172634288189e-01 1.522132388709148245e+03 2.933391413589342932e-03 1.649933659836023969e-02 3.146627283062053415e-02 0.000000000000000000e+00 0.000000000000000000e+00 1.500000000000000000e+03
1.916544103622436523e+01 -7.990445986816675727e+00 -6.827202044725142471e-01 1.522089116084295256e+03 7.041941914626093091e-03 1.463935594654131728e-02 3.144652793637946198e-02 0.000000000000000000e+00 0.000000000000000000e+00 1.500000000000000000e+03
1.919873261451721191e+01 -8.133997079937682173e+00 -9.228846278393755265e-01 1.521754445202242550e+03 6.092425968373899568e-03 1.605816012306138241e-02 3.192500663914468045e-02 0.000000000000000000e+00 0.000000000000000000e+00 1.500000000000000000e+03
1.923182153701782227e+01 -8.267429294495860503e+00 -1.294203113070238498e+00 1.521468522527222603e+03 3.924225604001570049e-03 1.837238147497961480e-02 3.329353337845890326e-02 0.000000000000000000e+00 0.000000000000000000e+00 1.500000000000000000e+03
1.926492929458618164e+01 -8.320665726848851307e+00 -1.639140778598966897e+00 1.521044397226939509e+03 5.647254105759606790e-03 1.889769142039514002e-02 3.402193486806557449e-02 0.000000000000000000e+00 0.000000000000000000e+00 1.500000000000000000e+03
1.929857707023620605e+01 -8.168362356153631154e+00 -1.899971778617958407e+00 1.520777399647188759e+03 6.480474046335729481e-03 1.787567778470545640e-02 3.320643331382101826e-02 0.000000000000000000e+00 0.000000000000000000e+00 1.500000000000000000e+03
1.933186244964599609e+01 -8.178958056158593948e+00 -2.209122499506849024e+00 1.520345256777216719e+03 5.979197731748460767e-03 1.421490171084391005e-02 3.300319338357401294e-02 0.000000000000000000e+00 0.000000000000000000e+00 1.500000000000000000e+03
1.936520314216613770e+01 -8.134068335537156358e+00 -2.671038074066838686e+00 1.520189458562438176e+03 4.289472738495123463e-03 1.295747095251361183e-02 3.409051692302014769e-02 0.000000000000000000e+00 0.000000000000000000e+00 1.500000000000000000e+03
1.939399051666259766e+01 -7.976567813168705889e+00 -2.944789277441189235e+00 1.520069830140253089e+03 4.161633795609118169e-03 1.351868216913020872e-02 3.417887884718399244e-02 0.000000000000000000e+00 0.000000000000000000e+00 1.500000000000000000e+03
1.942749524116516113e+01 -7.873893628917993048e+00 -3.217890647953096206e+00 1.519774459863994025e+03 3.960469530869629821e-03 9.407899398601298618e-03 3.539843679497555601e-02 0.000000000000000000e+00 0.000000000000000000e+00 1.500000000000000000e+03
1.946140313148498535e+01 -7.802411552637439129e+00 -3.563867021879198127e+00 1.519553786445492278e+03 2.018251703711966723e-03 9.135135744168996347e-03 3.572625159609017081e-02 0.000000000000000000e+00 0.000000000000000000e+00 1.500000000000000000e+03
1.949847626686096191e+01 -7.645140276968332316e+00 -3.775351546131574310e+00 1.519404200754752765e+03 1.413468790633202110e-03 8.135444679158705325e-03 3.580300907434156438e-02 0.000000000000000000e+00 0.000000000000000000e+00 1.500000000000000000e+03
1.953175497055053711e+01 -7.543353235566327086e+00 -3.802249986561478501e+00 1.519168239879232942e+03 1.673955138946328159e-03 1.105850076039320909e-02 3.684943610087550170e-02 0.000000000000000000e+00 0.000000000000000000e+00 1.500000000000000000e+03
1.956402111053466797e+01 -7.438273206535848558e+00 -3.881172863460004230e+00 1.519011969224221048e+03 2.414681177067525258e-03 9.877384075686649126e-03 3.730026219124955161e-02 0.000000000000000000e+00 0.000000000000000000e+00 1.500000000000000000e+03
1.959349822998046875e+01 -7.601577662130259760e+00 -4.092912347089379566e+00 1.518710354999665924e+03 3.652370976161766272e-03 1.241284455626700221e-02 3.851432663629989622e-02 0.000000000000000000e+00 0.000000000000000000e+00 1.500000000000000000e+03
1.962717413902282715e+01 -7.554605843656086783e+00 -4.112410502280877900e+00 1.518632018168991408e+03 5.350398116148051379e-03 1.329962499534821999e-02 3.887358280478731692e-02 0.000000000000000000e+00 0.000000000000000000e+00 1.500000000000000000e+03
1.966095566749572754e+01 -7.437069706418009574e+00 -3.983329619364012864e+00 1.518481876092484299e+03 5.504617618545744849e-03 1.442337273299434605e-02 3.935703848773066532e-02 0.000000000000000000e+00 0.000000000000000000e+00 1.500000000000000000e+03
1.969495248794555664e+01 -7.416283695244993091e+00 -4.012874628731061932e+00 1.518416568932233531e+03 6.823085298978867272e-03 1.361773455438942612e-02 3.946560131335929283e-02 0.000000000000000000e+00 0.000000000000000000e+00 1.500000000000000000e+03
1.973175525665283203e+01 -7.399817589896617420e+00 -4.026169881900613312e+00 1.518334277358228064e+03 1.317005124263598325e-03 1.433996641064325117e-02 4.147893567749660892e-02 0.000000000000000000e+00 0.000000000000000000e+00 1.500000000000000000e+03
1.976505017280578613e+01 -7.328936988809168440e+00 -4.067452545724528967e+00 1.518387566029727395e+03 -2.614498184203183561e-04 1.459638542311111724e-02 4.064078760912384625e-02 0.000000000000000000e+00 0.000000000000000000e+00 1.500000000000000000e+03
1.979881358146667480e+01 -7.269243995976487405e+00 -4.015384312447617177e+00 1.518205241366767495e+03 1.300650297554846414e-03 1.472677811604027227e-02 4.062849854597484073e-02 0.000000000000000000e+00 0.000000000000000000e+00 1.500000000000000000e+03
1.983185791969299316e+01 -7.173230582816858991e+00 -4.074248798801635374e+00 1.518303871865996598e+03 4.588837549803408654e-03 1.052730823558331932e-02 3.836660187873950495e-02 0.000000000000000000e+00 0.000000000000000000e+00 1.500000000000000000e+03
1.986557149887084961e+01 -6.948683425465025820e+00 -4.065325571507933944e+00 1.518275984221246290e+03 7.388510395647691735e-03 1.063258730904124288e-02 3.472097250711840555e-02 0.000000000000000000e+00 0.000000000000000000e+00 1.500000000000000000e+03
1.989892315864562988e+01 -6.955640892255723351e+00 -4.085310574246157067e+00 1.517997174931782183e+03 1.001205746401488510e-02 7.975822792246683654e-03 3.313435605154038677e-02 0.000000000000000000e+00 0.000000000000000000e+00 1.500000000000000000e+03
1.993171286582946777e+01 -6.986266818796147859e+00 -4.075491820854526104e+00 1.517827305327354679e+03 7.123385611714995805e-03 8.789419020773762622e-03 3.249440450269269753e-02 0.000000000000000000e+00 0.000000000000000000e+00 1.500000000000000000e+03
1.996500301361083984e+01 -6.984960098645192517e+00 -4.012172883859440375e+00 1.517683049145463428e+03 5.871370881467489165e-03 1.012079172307183035e-02 3.162538974333265612e-02 0.000000000000000000e+00 0.000000000000000000e+00 1.500000000000000000e+03
1.999880361557006836e+01 -7.016647954120832864e+00 -3.919978416421129985e+00 1.517528894485335513e+03 5.862660743053116873e-03 1.041015722419969154e-02 3.083960901843191618e-02 0.000000000000000000e+00 0.000000000000000000e+00 1.500000000000000000e+03
