4.027941942214965820e+00 3.450822111581601348e+00 -1.711921342744676622e+01 5.991989506688150868e+01
6.027753591537475586e+00 1.145734185440687725e-01 -8.524703542216229835e+00 1.688537418862639470e+02
7.027131319046020508e+00 8.442136669339333821e+00 -1.329560483462591947e+01 9.113641068286597147e+01
8.027753353118896484e+00 3.846894914609265470e+00 -1.138289176481544018e+01 6.550739935740102737e+01
1.002723264694213867e+01 -1.297796425249089225e-01 -4.705500806348800324e+01 6.007623902759871726e+01
1.102719259262084961e+01 2.650698140275380865e+00 -1.756895665344950430e+01 5.426540931013892077e+01
1.302782583236694336e+01 5.763925868670412456e+00 -4.344405472094024390e+01 3.026755790818197056e+01
1.402702736854553223e+01 5.974784193064806459e+00 -1.642784908243072550e+01 2.038234764681874367e+01
1.602694201469421387e+01 2.552969851522675526e+00 -4.206101840999416908e+01 1.957086384563490356e+01
1.702713465690612793e+01 4.707172158280855001e+00 -1.573479029634003723e+01 9.139650693430667161e+00
1.902697038650512695e+01 1.259904616498715768e+00 -4.198131720518455268e+01 5.878744332761243641e+00
2.002672004699707031e+01 4.313899174394009606e+00 -1.743784484693969716e+01 -2.174163165126628883e+00
2.202656364440917969e+01 -3.439491190991577696e+01 -1.550726674461486709e+00 -9.565710048665323484e+00
2.302660870552062988e+01 -1.115791824814823485e+01 -5.216872021128835968e+00 -4.535582330217948765e-01
2.502652263641357422e+01 -1.199960739619086780e+00 2.514191847910463196e+01 1.036993756648280396e+01
2.602636289596557617e+01 -1.011190945073735747e+00 7.673868881215284432e+00 6.536941663528637037e+00
2.802617359161376953e+01 2.885663468262350762e+00 1.699470876470309122e+01 6.830065778478342509e+00
2.902616763114929199e+01 -4.185029615396160807e-01 8.665095334212196576e+00 -1.629000648144483421e+00
3.102651786804199219e+01 -4.732720689804637004e-01 2.472197389469306472e+01 5.801251060166464413e+00
3.202588200569152832e+01 -5.697367888997632690e+00 1.404708545863582003e+01 4.570995076960571168e-01
3.402588295936584473e+01 -1.206160552340065806e+00 2.140378827888252999e+01 3.264298863387693928e+00
3.502582454681396484e+01 -3.982279861189226722e+00 1.790216961494115822e+01 -3.883207812559021477e+00
3.702571010589599609e+01 -3.876303820469019001e+01 1.095189033805036161e+01 -5.567907251657516099e+00
3.802625846862792969e+01 -1.639731460815482933e+01 1.057047990103683333e+01 2.482440104405441161e+00
4.002555847167968750e+01 1.314088892147879051e+00 -3.340807585563720750e+01 7.036598072042011154e+00
4.102640604972839355e+01 -4.832088156018130576e-01 -3.529667322405202867e+00 -5.050419197758174050e+00
4.302537274360656738e+01 1.473072911642248073e+00 -3.187583634516931852e+01 3.660322645576002287e+00
4.402543425559997559e+01 1.723328553571661814e+00 -5.704258321256702402e+00 -4.435769522776354279e+00
4.602534222602844238e+01 8.335861424498034467e-01 -2.604535892200659930e+01 -1.029190093518536742e+00
4.702511048316955566e+01 3.481652140605319801e+00 -2.524322460068077589e+00 6.572443092645698925e-01
4.902538990974426270e+01 2.547920412649773425e-02 -3.547215419291990202e+01 -5.723050346716263448e+00
5.002552938461303711e+01 1.544392360753363391e+00 -6.834070474368445502e+00 -5.165539012968110910e+00
5.202505064010620117e+01 -3.455132902191182609e+01 6.727128081564046624e+00 -1.493208856289265896e+01
5.302490091323852539e+01 -1.165571813252913103e+01 3.880200375004051239e+00 -7.292854228692476681e+00
5.502486586570739746e+01 5.389191813984098189e+00 3.389559207306550093e+01 -1.483277549644981264e+00
5.602499628067016602e+01 -1.774029748141430218e-01 1.200149638097467175e+01 -2.932524955633425634e+00
5.802467179298400879e+01 -3.732408265316422558e-01 1.924109303603734134e+01 2.774263842162099536e+00
5.902480888366699219e+01 -5.437257889807000311e+00 1.376730949889292788e+01 3.457514306230109469e+00
6.102432727813720703e+01 -5.552152631457239806e+00 3.290573628264542094e+01 1.013403461939105910e+01
6.202434110641479492e+01 -6.976121070983900552e+00 2.113526287157333172e+01 9.161876007562113955e+00
6.402430343627929688e+01 -1.202719408456104588e+00 3.000436494523387410e+01 -2.502081887528902371e+00
6.502412939071655273e+01 -4.167977632650973874e+00 2.318072803726204256e+01 -1.204967305559671331e+01
6.702448201179504395e+01 -3.743075464112621376e+01 7.924444793090515304e+00 -1.604747029080704124e+01
6.802477025985717773e+01 -1.321860157858827733e+01 9.384911752816606167e+00 -1.182775536135045513e+01
7.002409195899963379e+01 -9.605228259818886727e+00 -2.594973192517886673e+01 -2.202136027165124688e-01
7.102409744262695312e+01 -5.772115258772373636e+00 -1.042686188627612864e-01 6.450812302985582392e+00
7.302407479286193848e+01 3.503454952360016250e+00 -3.144944542607902349e+01 3.134372053629476795e+00
7.402385592460632324e+01 -5.448826187655413378e-01 -3.785574281450863054e-01 1.177767750861187324e+01
7.602453875541687012e+01 5.483064822751316569e+00 -3.346717984471827378e+01 -4.648185509422091855e+00
7.702362751960754395e+01 3.559075237469187414e+00 -4.641486501072606075e+00 -1.002772059167068619e+01
7.902373933792114258e+01 4.387083904657629319e-02 -2.741248789982870449e+01 -7.288617832858562906e+00
8.002353572845458984e+01 4.582531892065617285e+00 -1.026895558802721098e+00 -1.305769462970533823e+01
8.668969082832336426e+01 1.413217801253222206e+01 1.974086077908782499e+01 -4.128656691471405793e+00
8.918936491012573242e+01 -4.374379686239080911e+00 3.093954599562948715e+00 8.951378834988847188e+01
