4.022202014923095703e+00 -3.472972551712700806e-01 -1.256333807280543624e+01 5.739025111079354247e+01
6.023285865783691406e+00 2.331901296717887817e+00 -9.278660798034934487e+00 1.524909174087275687e+02
7.022520780563354492e+00 8.631088827821713494e-01 -1.587303804120392670e+01 8.314692568198267963e+01
8.022529363632202148e+00 -3.780372988260296552e+00 -1.129068958879952334e+01 7.039833831739815651e+01
1.002244639396667480e+01 1.042363488558930840e+01 -5.126423007615107963e+01 7.192005234060150087e+01
1.102233219146728516e+01 7.486741244616268887e+00 -2.525185734298338502e+01 4.350049222131769966e+01
1.302291631698608398e+01 3.975596414300753167e+00 -4.517781814721865885e+01 3.465373294955782058e+01
1.402253818511962891e+01 4.473913085038930149e+00 -1.583261629174501195e+01 1.955482032077009080e+01
1.602242636680603027e+01 -7.278057056141733483e-01 -4.054363203639263702e+01 1.874052246024086799e+01
1.702240037918090820e+01 4.053738136492938793e+00 -1.759727464722908508e+01 1.041559290214797784e+01
1.902252769470214844e+01 -2.532534522599462434e+00 -4.402866095804711222e+01 9.598336153122204450e+00
2.002262830734252930e+01 1.001396429150418044e+00 -1.947508990143575147e+01 1.202245448240478254e+01
2.202288341522216797e+01 -3.538720122859058392e+01 1.882457470218696471e+00 -1.938917289529172194e+00
2.302259731292724609e+01 -9.487849372781397506e+00 -3.031031904260942156e+00 1.307527030625317366e+01
2.502319550514221191e+01 -4.164791431309140535e-01 2.694706108155362756e+01 1.035266978361960355e+01
2.602272510528564453e+01 1.305321059576613152e+00 7.389928505311289086e+00 8.682365159314599623e+00
2.802270531654357910e+01 -3.042582454271155257e+00 1.540530853541440592e+01 1.826800198276134779e+01
2.902287793159484863e+01 -3.018680813362379922e+00 1.016485780497032465e+01 2.570231179374786734e-01
3.102273917198181152e+01 8.877759997430985095e-01 2.245819932500330651e+01 -2.496703558825174696e+00
3.202246522903442383e+01 -1.300333389636989523e+00 1.632428380317810479e+01 -5.195733510000536626e+00
3.402274513244628906e+01 -1.016174423923644099e+00 3.101773030150206978e+01 6.495811800658316315e+00
3.502279520034790039e+01 -5.864623265762816118e+00 2.346216546806090264e+01 3.481719369996085334e+00
3.702278971672058105e+01 -3.683098032616157980e+01 5.800373628763736633e+00 -8.434170930916934594e+00
3.802280616760253906e+01 -1.651176318802475862e+01 1.247793510154929209e+01 8.947707815135004239e+00
4.002301263809204102e+01 5.178144741738037737e+00 -3.726875788482266216e+01 -6.439420005031479377e+00
4.102282571792602539e+01 3.013570125180990544e+00 -1.368967242316330157e+00 -1.902164891901065857e-01
4.302282786369323730e+01 1.047082588111578616e+01 -3.437606402747951506e+01 4.695589038758043898e+00
4.402316880226135254e+01 5.700073354732012376e+00 -4.851888867963111807e+00 -1.420639440006516452e+01
4.602303099632263184e+01 -1.307321568124280020e+00 -3.448223051024131536e+01 -1.288201100465062154e+01
4.702296638488769531e+01 2.583632427646591623e+00 -5.650503209459898812e+00 -1.676819038422490848e+01
4.902279424667358398e+01 -2.241337898163465070e+00 -3.441669461538162977e+01 -8.877104853439732324e+00
5.002309560775756836e+01 1.034327888075210922e+00 -6.852608420941351142e+00 -1.124314597348643474e+01
5.202309942245483398e+01 -3.611159389582918067e+01 6.110597312865820641e+00 -9.297930996678132942e+00
5.302314352989196777e+01 -1.503838010563828220e+01 3.793029911209202965e+00 -2.147561742402331220e+00
5.502347874641418457e+01 3.101249683155579806e+00 2.855168158414302582e+01 6.342849876083619165e+00
5.602309513092041016e+01 -4.752322939319759243e+00 9.155173288627452166e+00 -3.963860433916579495e+00
5.802398633956909180e+01 1.740684148496824957e+00 1.825741563702081294e+01 -8.693548133519470866e-01
5.902317547798156738e+01 -7.052502625504262213e+00 1.401500756570555950e+01 1.400103893697394142e+01
6.102352309226989746e+01 -3.094831555965050995e+00 2.827096065650630408e+01 2.102257607322599142e+00
6.202342605590820312e+01 -4.225604995024104582e+00 2.103150967007945837e+01 -1.718120323361836199e+01
6.402324581146240234e+01 -2.042930473563441929e+00 2.978967496593645592e+01 -1.184462688074745529e+01
6.502331161499023438e+01 -5.255572204607098286e+00 1.880747850179795932e+01 -1.429751578139484991e+01
6.702366161346435547e+01 -3.858850529460039525e+01 1.233541420418737289e+01 -1.040888088396650346e+01
6.802320170402526855e+01 -1.613504831749673940e+01 7.447962322554758430e+00 -8.422210434346879993e+00
7.002323579788208008e+01 -5.622757814616079486e+00 -3.429993943077420226e+01 -8.048800165307284260e+00
7.102471017837524414e+01 -4.062839364422416111e+00 -5.050188340629802042e+00 -3.761706748291771873e+00
7.302397727966308594e+01 2.634508730660286346e+00 -3.772610358847612133e+01 1.169534705996841240e+01
7.402346682548522949e+01 7.123367715581707671e-01 -2.333101989903525464e+00 3.339169909502288647e+00
7.602407217025756836e+01 5.662558001530214824e+00 -3.288274912667753824e+01 4.475942160369640987e+00
7.702354383468627930e+01 4.305450533620273745e+00 -2.645082765217594556e+00 -4.570602532063958279e+00
7.902378392219543457e+01 1.475719616998389938e-01 -2.772205522592986426e+01 -2.797137135969478550e-01
8.002385354042053223e+01 2.318689909415923012e+00 -4.243241401265436252e-01 2.477395975481385904e+00
8.669067192077636719e+01 1.548356809855681604e+01 2.034839469689086400e+01 -5.566043924467976467e+00
8.915707135200500488e+01 5.710546887767122826e-01 -5.404573258307664219e+00 1.006921699325477277e+02
