4.003731966018676758e+00 1.008072084575132976e+00 -1.488399415116055025e+01 5.218315848914653543e+01
6.004301071166992188e+00 9.062167343622604676e+00 -1.094160764674211350e+01 1.259478156249846279e+02
7.003980398178100586e+00 2.933113428641036080e+00 -1.245802103006167272e+01 6.962850521227130685e+01
8.003581285476684570e+00 -4.886953136035572243e-01 -9.955997645576417199e+00 5.908077315166519838e+01
1.000373506546020508e+01 -2.797183775410758244e+00 -5.075417197810065773e+01 5.844238782018044276e+01
1.100375771522521973e+01 3.845929345825425116e+00 -1.746360695569410382e+01 4.743414218019131567e+01
1.300373888015747070e+01 2.949564676422369303e+00 -4.182620474772090802e+01 3.617203907777252425e+01
1.400404548645019531e+01 4.434654170241628890e+00 -1.787047320222870894e+01 3.019644147577935200e+01
1.600380277633666992e+01 2.729994068306950794e+00 -4.120824713522190308e+01 2.566680566649199591e+01
1.700437211990356445e+01 4.494132985945043401e+00 -1.906600010787163058e+01 1.511995159945706746e+01
1.900387310981750488e+01 2.205446751278032025e+00 -4.218611836600405240e+01 1.772499952576492888e+01
2.000413417816162109e+01 3.305723589604667723e+00 -1.662722221165961400e+01 1.196563332753680697e+01
2.200384211540222168e+01 -3.421548678286342238e+01 -7.130313434548952500e+00 -2.245048435485614391e+00
2.300392961502075195e+01 -1.019260514173265619e+01 -7.007746557903487883e+00 5.192489824391145703e+00
2.500420546531677246e+01 -1.946910742288991969e-01 2.305344236462811836e+01 1.397445909545035647e+01
2.600412726402282715e+01 -3.276892744352153386e-01 5.452937650887068166e+00 5.208490445237657696e+00
2.800435566902160645e+01 2.321735973025852218e+00 1.205885189844394745e+01 1.211789837101196099e+01
2.900420236587524414e+01 5.827180319826084087e-01 1.049412314319965844e+01 8.967530462600166175e+00
3.100442004203796387e+01 -1.607217660019387040e+00 2.598145041951420353e+01 1.245355055716049719e+01
3.200420522689819336e+01 -3.173067856606621717e+00 2.066379125522337290e+01 -4.897477335934809162e+00
3.400416135787963867e+01 -2.993286702223940665e-02 2.557349263419177987e+01 5.480477743786877909e+00
3.500429821014404297e+01 -2.408910372821196688e+00 2.233281253414975254e+01 -4.892316391510803442e+00
3.700451087951660156e+01 -3.524909417494654917e+01 1.147610177488718364e+01 -7.790894454730732832e+00
3.800433158874511719e+01 -1.528559146991108264e+01 1.184160906062561480e+01 -6.436417459437961952e+00
4.000429415702819824e+01 1.718624820072307102e+00 -2.804511608512268594e+01 6.496569996757898480e+00
4.100462555885314941e+01 2.938601139044067168e+00 1.486077511151961517e+00 3.302565906352697311e+00
4.300435233116149902e+01 5.167045376258840861e+00 -2.644258118869447571e+01 -3.599273347106418441e+00
4.400460147857666016e+01 3.777395121967288105e+00 1.165362273803395965e+00 -1.059500195717555471e+01
4.600452828407287598e+01 -9.045551174611432543e-01 -2.827471473819435488e+01 -2.722951164840196725e+00
4.700453376770019531e+01 3.589538531231255547e-01 -4.795977006538580056e+00 -2.544719145100316382e+00
4.900487613677978516e+01 1.906215441036351876e-01 -3.559739370218267140e+01 -4.110849319975159233e+00
5.000445461273193359e+01 1.434855396677107819e+00 -9.115676380864329076e+00 -9.910326693970318956e+00
5.200525999069213867e+01 -3.538711219547653286e+01 6.223949126324441750e+00 -1.266425579593874318e+01
5.300454688072204590e+01 -1.434529510111306649e+01 3.171244226702924607e+00 -3.520577377970766975e+00
5.500472760200500488e+01 -1.158819849583636596e-01 2.794566222777862663e+01 -2.244394728042379938e+00
5.600472021102905273e+01 -2.243037137651072044e+00 1.145176986055210122e+01 -4.844421248630396803e+00
5.800471067428588867e+01 7.725144683919893396e-01 1.978589695797796821e+01 4.980396371372989961e+00
5.900464344024658203e+01 -1.409788317286114534e+00 1.423294407556937813e+01 -1.160109898048267496e+01
6.100518441200256348e+01 -4.832811091652359892e+00 2.590458063992821280e+01 1.006164955870144695e+01
6.200481653213500977e+01 -5.717761080237494298e+00 1.630834889228390239e+01 2.714986039242376137e+00
6.400485396385192871e+01 -2.481428791823745428e+00 3.485066906500264849e+01 9.839061755365833051e+00
6.500482988357543945e+01 -2.779525705079805675e+00 3.108225126934530635e+01 -2.552388368011179409e+00
6.700492620468139648e+01 -3.926100751644537468e+01 1.518977895332091066e+01 -7.142637757126294673e+00
6.800486636161804199e+01 -1.421765125650222217e+01 1.484959371540617212e+01 1.983536919007519828e+00
7.000478696823120117e+01 2.954663263765041847e+00 -2.733834815978741517e+01 -4.967868992673857065e+00
7.100511193275451660e+01 -5.368205823381117625e+00 4.425522708407129358e+00 9.947371429110376084e+00
7.300467276573181152e+01 8.831693314210156132e+00 -3.125194675651596299e+01 4.899936843064324421e+00
7.400500607490539551e+01 -2.142652001509759430e-02 -4.379122279983675980e+00 3.234269993464749859e+00
7.600487017631530762e+01 -3.390674579530013943e+01 5.359064438331614610e+00 1.763280769835820365e+02
7.700522708892822266e+01 -1.369910099627486488e+01 2.165813126021302537e+01 -6.751834051625382926e+01
7.900502324104309082e+01 6.541154406197961180e+00 -3.014935649368931081e+01 -4.036422727733838656e+01
8.000519895553588867e+01 5.305863456660858901e+00 -6.413032530327086533e+00 -3.961730448185176101e+01
8.667171359062194824e+01 1.542902260166511041e+01 2.416728787258739430e+01 -1.600001487544955125e+01
8.917208719253540039e+01 -2.357822103559328752e+00 1.288983054178743259e+00 5.070875585305037703e+01
