9.778165817260742188e-02 1.613901146850256737e+03 1.385281474087128345e+03 2.447486258946195647e+01 -5.488114643734682413e-02 -2.243633997256583995e-02 2.474075214346333276e-03 1.613663699559045426e+03 1.385306960624750673e+03 2.714672091588379743e+01
1.380541324615478516e-01 1.613794384833109461e+03 1.385305842682358616e+03 2.432656006585100528e+01 -5.711634436127076275e-02 -2.763244264965229388e-02 3.389086235270396402e-03 1.613663699559045426e+03 1.385306960624750673e+03 2.973843470275960854e+01
1.643128395080566406e-01 1.613865385936637495e+03 1.385454520184757712e+03 2.474226506447747553e+01 -5.555788800652275428e-02 -1.957690938060669891e-02 5.959696573396893121e-04 1.613663699559045426e+03 1.385306960624750673e+03 3.188688122265979885e+01
1.977121829986572266e-01 1.613768625272399731e+03 1.385108364114591495e+03 2.431289399408261076e+01 -5.259045608506476149e-02 -2.171282109620973483e-02 2.444587848697942455e-03 1.613663699559045426e+03 1.385306960624750673e+03 3.513325775080349445e+01
2.310731410980224609e-01 1.613805341966688275e+03 1.385047087616910403e+03 2.434458820056491746e+01 -5.434379082722515936e-02 -1.748815249561775503e-02 2.389999724488448690e-03 1.613663699559045426e+03 1.385306960624750673e+03 3.894038067955064975e+01
2.645277976989746094e-01 1.613722312768050870e+03 1.385139512032481889e+03 2.445360338229042441e+01 -4.780375043498878013e-02 -1.264986066206029609e-02 6.871025196413266950e-03 1.613663699559045426e+03 1.385306960624750673e+03 4.331422776042753497e+01
2.978808879852294922e-01 1.613621521600634196e+03 1.385096967586891878e+03 2.436746520635927027e+01 -4.293944134928120299e-02 -4.867985141582112374e-03 9.303708344562183416e-03 1.613663699559045426e+03 1.385306960624750673e+03 4.821861159588673473e+01
3.312470912933349609e-01 1.613364587896302282e+03 1.385395011618998751e+03 2.441831009429524357e+01 -3.297171011842411209e-02 4.539949016616623596e-03 1.933766511093016824e-02 1.613663699559045426e+03 1.385306960624750673e+03 5.365777930728603451e+01
3.646705150604248047e-01 1.613076443659376764e+03 1.385476123195524906e+03 2.474356047156846117e+01 -3.063374557343260390e-02 2.727516684974600186e-03 2.814127681085750246e-02 1.613663699559045426e+03 1.385306960624750673e+03 5.963012792242645332e+01
3.978743553161621094e-01 1.612644612519297425e+03 1.385563308388879705e+03 2.568863838781652120e+01 -2.305487905055629907e-02 9.082655825132721072e-03 3.799939421135167805e-02 1.613663699559045426e+03 1.385306960624750673e+03 6.607201678219618657e+01
4.312727451324462891e-01 1.612372070929103756e+03 1.385864522856863232e+03 2.751558628869898726e+01 -3.210814131757365464e-02 -3.311098797250642406e-03 5.194511307235578912e-02 1.613663699559045426e+03 1.385306960624750673e+03 7.305278653259773591e+01
4.645888805389404297e-01 1.612024075009567696e+03 1.385848127561527235e+03 3.007365451634537123e+01 -2.769477645879769856e-02 5.127099750213833310e-03 6.010786295272368962e-02 1.613663699559045426e+03 1.385306960624750673e+03 8.050669851670433275e+01
4.984722137451171875e-01 1.611239207889524778e+03 1.386383749673756483e+03 3.333200793275825191e+01 -2.919332391052872552e-02 -9.644393657874329034e-03 7.826391959243664265e-02 1.613663699559045426e+03 1.385306960624750673e+03 8.857908162248818940e+01
5.312168598175048828e-01 1.610514036693514299e+03 1.386505078233519725e+03 3.737965476902967055e+01 -1.230545966189905069e-02 7.846053286329838497e-04 9.408198616708868256e-02 1.613663699559045426e+03 1.385306960624750673e+03 9.684097285610174310e+01
5.644690990447998047e-01 1.609845765108121668e+03 1.386456321364628138e+03 4.204738343013968915e+01 -5.727105181529330326e-04 1.256983289884552532e-02 1.091704727127115054e-01 1.613663699559045426e+03 1.385306960624750673e+03 1.056841619967822794e+02
5.978419780731201172e-01 1.609241618360311122e+03 1.386107127226252032e+03 4.712517542761184330e+01 -8.945788338494901903e-03 8.680306216234685152e-03 1.242741299537272193e-01 1.613663699559045426e+03 1.385306960624750673e+03 1.150082775375086754e+02
6.310615539550781250e-01 1.608794460096071589e+03 1.385286542209853451e+03 5.227639558805187647e+01 -1.675610494790180302e-02 2.687728687920722028e-03 1.362002847202686273e-01 1.613663699559045426e+03 1.385306960624750673e+03 1.247257702149395584e+02
6.646049022674560547e-01 1.608245918682514002e+03 1.384583370601856359e+03 5.771840350155311228e+01 -2.663562856689438360e-02 -5.065764602926237092e-03 1.499277116184052627e-01 1.613663699559045426e+03 1.385306960624750673e+03 1.349690499340341603e+02
6.978530883789062500e-01 1.607484766644993670e+03 1.383647339031950651e+03 6.331856480316367453e+01 -1.707879640627482307e-02 -2.512475890261150623e-04 1.579252936018293862e-01 1.613663699559045426e+03 1.385306960624750673e+03 1.455392500149793875e+02
7.318844795227050781e-01 1.606915217470254674e+03 1.382570904328415054e+03 6.887093817747640401e+01 -4.656408325138183639e-03 -1.589238402658627340e-03 1.589608938995517029e-01 1.613663699559045426e+03 1.385306960624750673e+03 1.567776230682350729e+02
7.645020484924316406e-01 1.606494993680608331e+03 1.381210390417352755e+03 7.422313219826315844e+01 9.478894449503134229e-03 -2.250580771319417913e-03 1.609968763569870898e-01 1.613663699559045426e+03 1.385306960624750673e+03 1.679369196219986975e+02
7.978427410125732422e-01 1.605757280257026196e+03 1.379883192659040787e+03 7.945425946415679164e+01 1.174324763857723976e-02 -1.366372347866493496e-02 1.635098241576755373e-01 1.613663699559045426e+03 1.385306960624750673e+03 1.797256153064597584e+02
8.312098979949951172e-01 1.605187681652384981e+03 1.377587127505208400e+03 8.423113733825380223e+01 1.002763706816529703e-02 -1.522269878006419705e-02 1.610767524076687496e-01 1.613663699559045426e+03 1.385306960624750673e+03 1.918999532575194280e+02
8.644294738769531250e-01 1.604777878018358024e+03 1.375154823368608959e+03 8.912442858677420077e+01 1.440038254279342456e-02 -1.334692848073901032e-02 1.603212554301657600e-01 1.613663699559045426e+03 1.385306960624750673e+03 2.043840240645845938e+02
8.981726169586181641e-01 1.604186935316131212e+03 1.372303213846604194e+03 9.366469106540792211e+01 1.744556263156739687e-02 -1.595087562168506085e-02 1.561500408989557886e-01 1.613663699559045426e+03 1.385306960624750673e+03 2.174256222715884803e+02
9.312002658843994141e-01 1.603776620363712254e+03 1.368847414225613875e+03 9.880882290911625887e+01 2.433493583913535346e-02 -1.307161862011125067e-02 1.522456332874726481e-01 1.613663699559045426e+03 1.385306960624750673e+03 2.305324549404130323e+02
9.644923210144042969e-01 1.602996916512118332e+03 1.365046567491632914e+03 1.043356106160288732e+02 3.892848615386889505e-02 -1.013191403409527055e-02 1.498845973254633313e-01 1.613663699559045426e+03 1.385306960624750673e+03 2.440760385065838989e+02
9.978158473968505859e-01 1.602664992123467300e+03 1.360409449342864718e+03 1.100276171560943084e+02 5.769938803769016772e-02 -9.113612407247395630e-03 1.445915643351783630e-01 1.613663699559045426e+03 1.385306960624750673e+03 2.579556747119702891e+02
1.031101465225219727e+00 1.602158841467404955e+03 1.354491459896512652e+03 1.164474162857897568e+02 6.886920810578757435e-02 -7.658962055464232227e-03 1.381105832762586361e-01 1.613663699559045426e+03 1.385306960624750673e+03 2.721319899027226370e+02
1.064485073089599609e+00 1.601689559763414991e+03 1.347666927489217187e+03 1.230257377890116146e+02 7.801179059452130471e-02 9.352335875992125874e-03 1.270937915833628973e-01 1.613663699559045426e+03 1.385306960624750673e+03 2.866532778369288508e+02
1.097791433334350586e+00 1.601554300836359289e+03 1.339675259564492535e+03 1.300414076469905353e+02 7.241356094050650782e-02 7.796573917122020907e-03 1.150826613487307415e-01 1.613663699559045426e+03 1.385306960624750673e+03 3.014331863929276665e+02
1.131112337112426758e+00 1.601650940922331074e+03 1.330580882835243074e+03 1.382901441498201223e+02 7.469458249829079299e-02 1.416592572604114322e-02 1.029196011974382596e-01 1.613663699559045426e+03 1.385306960624750673e+03 3.165012156902333800e+02
1.164509534835815430e+00 1.601589164743498259e+03 1.320305229026682127e+03 1.468986113405688059e+02 7.477627324825086852e-02 1.274911725119387725e-02 9.023224571391966209e-02 1.613663699559045426e+03 1.385306960624750673e+03 3.318759953793477848e+02
1.197976827621459961e+00 1.602180839314186187e+03 1.308868177791591052e+03 1.560271880677196066e+02 7.858588075074687818e-02 9.882560921639752666e-03 7.597899998828222534e-02 1.613663699559045426e+03 1.385306960624750673e+03 3.475459546755719771e+02
1.231090784072875977e+00 1.602715134993229867e+03 1.296257821170103853e+03 1.660083262781794531e+02 8.557098570796836667e-02 1.103951242406715945e-02 5.860604969450421836e-02 1.613663699559045426e+03 1.385306960624750673e+03 3.632991761111013602e+02
1.265015125274658203e+00 1.603160013155685874e+03 1.282361990227237357e+03 1.770551818670622026e+02 8.467241786659734926e-02 7.554891719855067259e-03 4.435413296415655765e-02 1.613663699559045426e+03 1.385306960624750673e+03 3.796837411379163427e+02
1.297764062881469727e+00 1.603960939375203679e+03 1.267280235290494375e+03 1.888103539043663091e+02 9.142404541285215069e-02 1.519024819189730702e-02 3.106586507846057638e-02 1.613663699559045426e+03 1.385306960624750673e+03 3.957264158150488811e+02
1.331207036972045898e+00 1.604428057111236285e+03 1.250725829359910449e+03 2.013121516207737329e+02 9.138033483371474364e-02 1.308663058911557590e-02 1.950485905250081906e-02 1.613663699559045426e+03 1.385306960624750673e+03 4.123276077636555215e+02
1.364662885665893555e+00 1.605733540915384083e+03 1.233245770932529240e+03 2.145370887248251108e+02 9.264478985877065698e-02 1.450955356380145660e-02 6.517734062630657459e-03 1.613663699559045426e+03 1.385306960624750673e+03 4.291456857939045335e+02
1.397964954376220703e+00 1.606687587137585297e+03 1.214485923504977336e+03 2.290346343967140399e+02 8.874114065642955962e-02 1.322153116398665056e-02 -4.130518750112466622e-03 1.613663699559045426e+03 1.385306960624750673e+03 4.460851035961833304e+02
1.431516885757446289e+00 1.607739729458441388e+03 1.194727408924771453e+03 2.438589319380096185e+02 8.174837604148643688e-02 7.588537963780121916e-03 -1.359810011498014705e-02 1.613663699559045426e+03 1.385306960624750673e+03 4.633414920449621377e+02
1.464524030685424805e+00 1.609041891065004847e+03 1.173580502723064910e+03 2.596309094588024209e+02 9.356761805388014164e-02 1.813368544415328715e-02 -1.999401035254585318e-02 1.613663699559045426e+03 1.385306960624750673e+03 4.804933713369419479e+02
1.497773647308349609e+00 1.610539803615906294e+03 1.151434124919873739e+03 2.757818935469009034e+02 8.965014846334870557e-02 1.640398905638435281e-02 -2.493094435963796873e-02 1.613663699559045426e+03 1.385306960624750673e+03 4.979371136025007445e+02
1.531576156616210938e+00 1.612219026608085642e+03 1.127960669209780917e+03 2.931131951512973615e+02 8.875214956540436462e-02 2.064337856158843243e-02 -3.135978944065731522e-02 1.613663699559045426e+03 1.385306960624750673e+03 5.158309361534061281e+02
1.564487218856811523e+00 1.613932443639132771e+03 1.103303579418091658e+03 3.108106294842741022e+02 8.724892741773596083e-02 2.862486987925313281e-02 -3.167803604454539484e-02 1.613663699559045426e+03 1.385306960624750673e+03 5.333975804480148781e+02
1.598004341125488281e+00 1.616039763218526105e+03 1.077611018107581685e+03 3.291504456069989715e+02 8.622672643721623897e-02 3.376756290723571113e-02 -3.277133788247730412e-02 1.613663699559045426e+03 1.385306960624750673e+03 5.514240113529017435e+02
1.664705753326416016e+00 1.621388317843031473e+03 1.023636436438791520e+03 3.672039096311617072e+02 8.373007728345552292e-02 3.607525563732362495e-02 -2.823704950692236537e-02 1.613663699559045426e+03 1.385306960624750673e+03 5.876653599727352457e+02
1.697985172271728516e+00 1.624046856962527954e+03 9.949175943018104817e+02 3.870212111172837126e+02 7.789818784054232392e-02 3.578404503979413370e-02 -2.951655885403931326e-02 1.613663699559045426e+03 1.385306960624750673e+03 6.059093989594081222e+02
1.731301069259643555e+00 1.627398582287285990e+03 9.655098455152680117e+02 4.071878798377986755e+02 8.325600145596363799e-02 4.811526040461452935e-02 -2.515091607231590212e-02 1.613663699559045426e+03 1.385306960624750673e+03 6.242676610085334232e+02
1.764416217803955078e+00 1.630958089941526850e+03 9.350376697366234566e+02 4.279393194339628508e+02 8.289109241261631567e-02 5.453304242911388017e-02 -1.746557916140533198e-02 1.613663699559045426e+03 1.385306960624750673e+03 6.425984480870290554e+02
1.797643661499023438e+00 1.635534956698119231e+03 9.038167145218201313e+02 4.488460139045094479e+02 8.267514433247617756e-02 6.464959692508473466e-02 -1.383433918532369321e-02 1.613663699559045426e+03 1.385306960624750673e+03 6.610644135181231604e+02
1.831280469894409180e+00 1.640571633102323858e+03 8.715525695166126070e+02 4.700409549573982417e+02 7.990343720411775819e-02 7.293109634090055859e-02 -6.693548839358039355e-03 1.613663699559045426e+03 1.385306960624750673e+03 6.798218391275431713e+02
1.864539146423339844e+00 1.646452622459250051e+03 8.384683445208995636e+02 4.914952690492419265e+02 8.460268002650246644e-02 8.634144532602054667e-02 3.541168410668452614e-04 1.613663699559045426e+03 1.385306960624750673e+03 6.984212278434364407e+02
1.898222446441650391e+00 1.653265147040041029e+03 8.045644079011614167e+02 5.131455465017118058e+02 8.038915184662506763e-02 8.870395943334664912e-02 3.856214226320865864e-03 1.613663699559045426e+03 1.385306960624750673e+03 7.173009882528965591e+02
1.931672811508178711e+00 1.661270986627490402e+03 7.698954029175210962e+02 5.347229496530278539e+02 8.854132795167353465e-02 9.695700414773117393e-02 1.233339565431284049e-02 1.613663699559045426e+03 1.385306960624750673e+03 7.360823520012647805e+02
1.965206623077392578e+00 1.669870789703980336e+03 7.342898949626268177e+02 5.562635646929226141e+02 8.744863857983592448e-02 9.551138970344721923e-02 1.616163345107069632e-02 1.613663699559045426e+03 1.385306960624750673e+03 7.549321426105891533e+02
1.998402595520019531e+00 1.679462859328605191e+03 6.978578055493713919e+02 5.779030983688293190e+02 9.238726677037559232e-02 1.011491057460510851e-01 1.573459878990573352e-02 1.613663699559045426e+03 1.385306960624750673e+03 7.736029029193459792e+02
2.031271934509277344e+00 1.689885699728283953e+03 6.605883361596693248e+02 5.995233975263805632e+02 8.936838104000013883e-02 1.005306739052067438e-01 2.301999100399563028e-02 1.613663699559045426e+03 1.385306960624750673e+03 7.920904723839005328e+02
2.064727783203125000e+00 1.701728143682591735e+03 6.224587843913083134e+02 6.210301951216300722e+02 9.000372541082472810e-02 1.041124054893212691e-01 2.574627041392511806e-02 1.613663699559045426e+03 1.385306960624750673e+03 8.108981088118156322e+02
2.098300218582153320e+00 1.714287644099139015e+03 5.836910669286323810e+02 6.426440564569747949e+02 9.541271188995843755e-02 1.112087461448484499e-01 3.096827715940665693e-02 1.613663699559045426e+03 1.385306960624750673e+03 8.297507906183814157e+02
2.131381511688232422e+00 1.727823407118212572e+03 5.439982061384816916e+02 6.637821936954626381e+02 9.451359209039220111e-02 1.111838412468423298e-01 3.378865731327489186e-02 1.613663699559045426e+03 1.385306960624750673e+03 8.482972404343024664e+02
2.164572000503540039e+00 1.742471841095521995e+03 5.035429727181889916e+02 6.849421750877362456e+02 9.424414041094775207e-02 1.086732736800057886e-01 3.812749309713609619e-02 1.613663699559045426e+03 1.385306960624750673e+03 8.668642590281376670e+02
2.197851896286010742e+00 1.758076342272671354e+03 4.622736293391140521e+02 7.058718803031043763e+02 9.810066125440400353e-02 1.155255750588853464e-01 3.849711287803266740e-02 1.613663699559045426e+03 1.385306960624750673e+03 8.854300881785884485e+02
2.231621265411376953e+00 1.774801153925174958e+03 4.199111031329161960e+02 7.265337514227562679e+02 9.928880235605273830e-02 1.147913306804512618e-01 3.938644892224143351e-02 1.613663699559045426e+03 1.385306960624750673e+03 9.042059305070888513e+02
2.264569520950317383e+00 1.792302676102790201e+03 3.772447269364749900e+02 7.468801569315248798e+02 9.737383827584580875e-02 1.147469313113913120e-01 4.378713651474420987e-02 1.613663699559045426e+03 1.385306960624750673e+03 9.224537163576819694e+02
2.298192501068115234e+00 1.810827140242984797e+03 3.335718544890042949e+02 7.671959207246073902e+02 8.948497136759452075e-02 1.096560804998630567e-01 4.956077812482750228e-02 1.613663699559045426e+03 1.385306960624750673e+03 9.409918382054726180e+02
2.331569671630859375e+00 1.830794449974420104e+03 2.892643094681471894e+02 7.873516434717491848e+02 9.149752944281049072e-02 1.084821505356177995e-01 5.268787638879016827e-02 1.613663699559045426e+03 1.385306960624750673e+03 9.593006835959572527e+02
2.364756107330322266e+00 1.851743892116104234e+03 2.439689149207746368e+02 8.075305645174677238e+02 9.293802895048562662e-02 1.059552483837277459e-01 4.856790896222627080e-02 1.613663699559045426e+03 1.385306960624750673e+03 9.774019228566997981e+02
2.397858619689941406e+00 1.873885612529247055e+03 1.982902113336135415e+02 8.267201061481583793e+02 1.000639771420527846e-01 1.134236842672511902e-01 4.624765629080043738e-02 1.613663699559045426e+03 1.385306960624750673e+03 9.953448399062000362e+02
2.431206703186035156e+00 1.896532729838810610e+03 1.516683833155481693e+02 8.460398182851059801e+02 9.076403401220071998e-02 1.006716441945996882e-01 4.651266793729411791e-02 1.613663699559045426e+03 1.385306960624750673e+03 1.013296858364220157e+03
2.464744806289672852e+00 1.920441985696831580e+03 1.041070103769126547e+02 8.654206992767759630e+02 9.262912878686170581e-02 1.095331565199908069e-01 4.825609563052148804e-02 1.613663699559045426e+03 1.385306960624750673e+03 1.031215122315064491e+03
2.498048305511474609e+00 1.945418775283003015e+03 5.580621718064944048e+01 8.842805404479095159e+02 9.509857659845213917e-02 1.122871069625415025e-01 4.247884998296203030e-02 1.613663699559045426e+03 1.385306960624750673e+03 1.048862586378169908e+03
2.531760931015014648e+00 1.967473337105295741e+03 9.608593183510272695e+00 9.036389027225532118e+02 1.998972417862904249e-01 2.550473686061696665e-01 1.001669460850236754e-01 1.613663699559045426e+03 1.385306960624750673e+03 1.066568566174391663e+03
2.564885616302490234e+00 1.997722454848531243e+03 -4.292741116216783581e+01 9.220739611475918309e+02 9.401139331371481667e-02 1.121486892849363898e-01 4.499955007805420820e-02 1.613663699559045426e+03 1.385306960624750673e+03 1.083800261069930457e+03
2.598252058029174805e+00 2.024475627385048256e+03 -9.166202652491257652e+01 9.395548179609650106e+02 9.502308517516747099e-02 1.374867359338399764e-01 5.526870661689442521e-02 1.613663699559045426e+03 1.385306960624750673e+03 1.100981457411254269e+03
2.631278991699218750e+00 2.053336922439132195e+03 -1.436693290680148039e+02 9.594984028090873380e+02 1.081763151222893404e-01 1.294702178633986567e-01 4.189651065280904779e-02 1.613663699559045426e+03 1.385306960624750673e+03 1.117803391709961943e+03
2.664475917816162109e+00 2.065367210477835670e+03 -1.810599431436568523e+02 9.860250394722189640e+02 4.792967580479650519e-02 3.045840102588944984e-02 7.158747566963434561e-02 1.613663699559045426e+03 1.385306960624750673e+03 1.134516729985057282e+03
2.798389434814453125e+00 2.084712318755140132e+03 -3.086409021392335035e+02 1.094948105003009459e+03 -4.738848133641605787e-02 2.107884492073874572e-01 1.292198652449431939e-01 1.613663699559045426e+03 1.385306960624750673e+03 1.199740159077901353e+03
2.831768274307250977e+00 2.095473556214767086e+03 -3.443114747468708856e+02 1.122140091583975618e+03 -2.912409139278384629e-01 1.646461407000805038e-02 3.683632723344729826e-02 1.613663699559045426e+03 1.385306960624750673e+03 1.215396911869989481e+03
2.865507602691650391e+00 2.095893867651556320e+03 -3.655597385485222048e+02 1.145275354846909067e+03 -2.523027041651188518e-01 2.496959760634305178e-02 -1.344365399456592253e-02 1.613663699559045426e+03 1.385306960624750673e+03 1.230957842848338032e+03
2.898901462554931641e+00 2.097148357387391570e+03 -3.783728108544140696e+02 1.164459033445537898e+03 -2.634463921112904505e-01 -5.622556715804801625e-02 -9.360551556811738672e-02 1.613663699559045426e+03 1.385306960624750673e+03 1.246086618044746047e+03
2.931506156921386719e+00 2.098941792446776162e+03 -3.899773639754221222e+02 1.180371754628625922e+03 -3.737875912304020609e-01 -1.199295354611438769e-01 -1.057438929007780137e-01 1.613663699559045426e+03 1.385306960624750673e+03 1.260585936114054903e+03
2.965019941329956055e+00 2.099660936875077368e+03 -3.981855701698652865e+02 1.192838829934529258e+03 -4.508685665025634060e-01 -1.661358423190090194e-01 -1.135824568055365802e-01 1.613663699559045426e+03 1.385306960624750673e+03 1.275199167445765397e+03
2.997836112976074219e+00 2.098777140674756538e+03 -4.028905309924596736e+02 1.201807623707421953e+03 -4.695806080437197050e-01 -1.815474842818871337e-01 -1.184776107366738440e-01 1.613663699559045426e+03 1.385306960624750673e+03 1.289212894921504130e+03
3.031251430511474609e+00 2.094748024834806984e+03 -4.027946886895237526e+02 1.210037054652864299e+03 -4.599663013633563668e-01 -1.627509374281587151e-01 -1.650809402721483410e-01 1.613663699559045426e+03 1.385306960624750673e+03 1.303171867612657024e+03
3.065021276473999023e+00 2.086325591719979457e+03 -4.006881392283739842e+02 1.226842854794688037e+03 -4.089492447743081627e-01 -5.867449769529828330e-02 -2.101607540808276275e-01 1.613663699559045426e+03 1.385306960624750673e+03 1.316949878419305605e+03
3.098006963729858398e+00 2.079072732773513053e+03 -3.969724643522544625e+02 1.243140035591186006e+03 -3.420244448366578927e-01 2.376759624266507054e-02 -2.556499503519999994e-01 1.613663699559045426e+03 1.385306960624750673e+03 1.330078248346557530e+03
3.131562232971191406e+00 2.071914344071355117e+03 -3.903931858409858364e+02 1.257620111336226728e+03 -2.006441043177678296e-01 1.088424736124196796e-01 -2.924912748933804485e-01 1.613663699559045426e+03 1.385306960624750673e+03 1.343088493019840371e+03
3.164679527282714844e+00 2.066676809750972097e+03 -3.820863422167135468e+02 1.270780632563257768e+03 -1.055255278056616876e-02 1.714554716535671708e-01 -3.186907966662916869e-01 1.613663699559045426e+03 1.385306960624750673e+03 1.355577616384071916e+03
3.197932004928588867e+00 2.066560383750791061e+03 -3.745215880065346710e+02 1.281876389347388795e+03 1.960759562073542683e-01 2.160614419782229956e-01 -2.370805012303255077e-01 1.613663699559045426e+03 1.385306960624750673e+03 1.367756243260262181e+03
3.231268405914306641e+00 2.068764661993570826e+03 -3.693631038687535693e+02 1.291389929947797555e+03 3.777271756311494921e-01 2.715717742264423529e-01 -1.639160559531134820e-01 1.613663699559045426e+03 1.385306960624750673e+03 1.379591646732865911e+03
3.264809131622314453e+00 2.072594496685300328e+03 -3.681952735388822475e+02 1.298622233565392889e+03 4.870643451030604032e-01 2.904511723920520372e-01 -1.153924466845971802e-01 1.613663699559045426e+03 1.385306960624750673e+03 1.391111182432758369e+03
3.297852754592895508e+00 2.074918895198178689e+03 -3.685202427145360389e+02 1.306332615752964102e+03 5.572468481498459303e-01 3.020863023886298238e-01 -7.778228075456601609e-02 1.613663699559045426e+03 1.385306960624750673e+03 1.402068706075326645e+03
3.331808805465698242e+00 2.070751410927681718e+03 -3.639244500175236681e+02 1.316997226037177370e+03 5.936245860996720580e-01 3.652613798594746553e-01 -8.970499655564501823e-03 1.613663699559045426e+03 1.385306960624750673e+03 1.412913481059883907e+03
3.364775180816650391e+00 2.065518748765769033e+03 -3.583693491920673182e+02 1.325390502430972447e+03 5.391863397242779854e-01 4.430046602992592231e-01 5.802569841198326750e-02 1.613663699559045426e+03 1.385306960624750673e+03 1.423029091373434312e+03
3.397971630096435547e+00 2.058029489948958599e+03 -3.511410630802078572e+02 1.331591000775540806e+03 4.159182489090767487e-01 3.947319205931964503e-01 1.190754498990349575e-01 1.613663699559045426e+03 1.385306960624750673e+03 1.432793744523614350e+03
3.431412458419799805e+00 2.051875724997246380e+03 -3.461223131243406215e+02 1.336639849175456902e+03 2.651684003012490520e-01 2.964536428204864738e-01 1.445424965686065155e-01 1.613663699559045426e+03 1.385306960624750673e+03 1.442192173881174313e+03
3.464550018310546875e+00 2.047691859204046295e+03 -3.444646204633551179e+02 1.342455938060717244e+03 1.752092849613333114e-01 2.383351620855519160e-01 1.201442338901987511e-01 1.613663699559045426e+03 1.385306960624750673e+03 1.451061301689999709e+03
3.498348712921142578e+00 2.045251524212760160e+03 -3.464016931266397137e+02 1.351540059265106947e+03 1.780953048594527133e-01 2.533520909185936754e-01 7.448078043780768931e-02 1.613663699559045426e+03 1.385306960624750673e+03 1.459641371356146237e+03
3.531291246414184570e+00 2.044555214124853592e+03 -3.522272769222812485e+02 1.362006610502564854e+03 2.174877455800454940e-01 3.123643058541572537e-01 4.719194145436302751e-02 1.613663699559045426e+03 1.385306960624750673e+03 1.467540923950048182e+03
3.564531087875366211e+00 2.044849616288542165e+03 -3.603779124052685461e+02 1.371177642626688339e+03 2.346761576834637819e-01 3.478962702902200776e-01 4.360725874266827701e-02 1.613663699559045426e+03 1.385306960624750673e+03 1.475038019834499210e+03
3.598158836364746094e+00 2.045292630933199689e+03 -3.687428115281997520e+02 1.377131767068752652e+03 2.151754644403185146e-01 3.471953848783554397e-01 4.979601043658238302e-02 1.613663699559045426e+03 1.385306960624750673e+03 1.482127844680896487e+03
3.631260395050048828e+00 2.047945706061613691e+03 -3.773005149929345521e+02 1.380511314290122300e+03 1.951296149843305405e-01 3.288141423128077001e-01 4.702345352906547177e-02 1.613663699559045426e+03 1.385306960624750673e+03 1.488610368039206151e+03
3.664751052856445312e+00 2.052422958608729459e+03 -3.866515766072351994e+02 1.383665610083731963e+03 2.111096240669052826e-01 3.103238600455240914e-01 1.498219866115612156e-02 1.613663699559045426e+03 1.385306960624750673e+03 1.494657448008316351e+03
3.697808742523193359e+00 2.058133416572836268e+03 -3.970893599628331572e+02 1.386919371987703471e+03 2.303814397525011659e-01 3.061952928191413736e-01 -1.439874331242393599e-02 1.613663699559045426e+03 1.385306960624750673e+03 1.500111378759965646e+03
3.731215953826904297e+00 2.064195425949806577e+03 -4.078391835028190258e+02 1.388671015600578585e+03 2.489710056829509965e-01 3.115180971380832053e-01 -3.649312471885282627e-02 1.613663699559045426e+03 1.385306960624750673e+03 1.505092806147839838e+03
3.764559030532836914e+00 2.070764131396394077e+03 -4.186364473481530126e+02 1.389633731294302152e+03 2.528547731153010791e-01 3.193084676828004120e-01 -6.006087649771910120e-02 1.613663699559045426e+03 1.385306960624750673e+03 1.509522835053136077e+03
3.797823667526245117e+00 2.077870148875131690e+03 -4.292469590546210725e+02 1.389715642563781785e+03 2.476871236373582585e-01 3.032252901408246659e-01 -8.807518562921347327e-02 1.613663699559045426e+03 1.385306960624750673e+03 1.513392648791243118e+03
3.831198453903198242e+00 2.085593075299302654e+03 -4.402860481955947307e+02 1.390004584417443994e+03 2.638444189590858913e-01 2.986948718960797944e-01 -1.284254850056580077e-01 1.613663699559045426e+03 1.385306960624750673e+03 1.516712976484800038e+03
3.864448547363281250e+00 2.093813269768492773e+03 -4.514469023994114991e+02 1.390534516280302341e+03 2.681547292581449859e-01 2.735467299125137752e-01 -1.624611408103014965e-01 1.613663699559045426e+03 1.385306960624750673e+03 1.519450449207465681e+03
3.898718595504760742e+00 2.101825891028212482e+03 -4.625928631087933809e+02 1.390860939606802049e+03 2.796240081293169255e-01 2.512137139712413703e-01 -1.994249011841967012e-01 1.613663699559045426e+03 1.385306960624750673e+03 1.521665102097907493e+03
3.931375026702880859e+00 2.110038427396523730e+03 -4.731984890583289598e+02 1.390981718100670832e+03 2.977214885105128883e-01 2.499623265287801710e-01 -2.285879808438736616e-01 1.613663699559045426e+03 1.385306960624750673e+03 1.523192076801120493e+03
3.964444875717163086e+00 2.118849446981070287e+03 -4.830801138967145221e+02 1.392228411455821515e+03 3.058663373719343603e-01 2.254411813413381704e-01 -2.620114423574202989e-01 1.613663699559045426e+03 1.385306960624750673e+03 1.524148002737329080e+03
3.997850894927978516e+00 2.127119009791826102e+03 -4.916945447682196573e+02 1.392738716848756212e+03 3.217901375829949062e-01 2.111703118605914309e-01 -3.048648238747239669e-01 1.613663699559045426e+03 1.385306960624750673e+03 1.524500144217500747e+03
4.031160354614257812e+00 2.134597999296493072e+03 -4.983325574447204076e+02 1.392115904600392696e+03 3.297056246253244893e-01 1.954924229817909809e-01 -3.314315319950535410e-01 1.613663699559045426e+03 1.385306960624750673e+03 1.524141111823115580e+03
4.065091371536254883e+00 2.142276541111969891e+03 -5.031548488740035054e+02 1.391252267716422239e+03 3.332453740524149444e-01 1.709458386341266567e-01 -3.409230263247937653e-01 1.613663699559045426e+03 1.385306960624750673e+03 1.522947083350465391e+03
4.097918510437011719e+00 2.149755604062785551e+03 -5.064387048762841346e+02 1.390269529406358288e+03 3.391944214329116747e-01 1.548170866088980357e-01 -3.523958339563873499e-01 1.613663699559045426e+03 1.385306960624750673e+03 1.521023285500253223e+03
4.131694555282592773e+00 2.157415848211089269e+03 -5.071665318868587065e+02 1.388813290548851228e+03 3.653669745265853419e-01 1.570493489881419902e-01 -3.647846964397547520e-01 1.613663699559045426e+03 1.385306960624750673e+03 1.518283151627942743e+03
4.165556907653808594e+00 2.165892461846450260e+03 -5.068180217767452973e+02 1.387672118536536118e+03 3.535053573894969547e-01 1.556491541913870569e-01 -3.579009207068803433e-01 1.613663699559045426e+03 1.385306960624750673e+03 1.514790254637269072e+03
4.198614120483398438e+00 2.174586882597749536e+03 -5.033732500491390738e+02 1.385356105158799664e+03 3.486824855557645320e-01 1.594634208830869315e-01 -3.715836331466950693e-01 1.613663699559045426e+03 1.385306960624750673e+03 1.510687959951673065e+03
4.231128931045532227e+00 2.182981517801455993e+03 -4.968533650359345870e+02 1.382150261614421424e+03 3.280213296462338168e-01 1.644679773445484050e-01 -3.794994081299606359e-01 1.613663699559045426e+03 1.385306960624750673e+03 1.506012104484748079e+03
4.264592409133911133e+00 2.190005653168297613e+03 -4.880517268632492573e+02 1.377026327813230182e+03 3.217788808696346869e-01 1.881812542087680229e-01 -3.883507760261361019e-01 1.613663699559045426e+03 1.385306960624750673e+03 1.500563500109056804e+03
4.297867774963378906e+00 2.198189767894490160e+03 -4.798768667526912850e+02 1.372357331071049430e+03 2.695271583258086467e-01 1.830861958180564353e-01 -3.844681246093540339e-01 1.613663699559045426e+03 1.385306960624750673e+03 1.494533036149085774e+03
