4.000704526901245117e+00 1.563018788365980072e+00 -1.561883338005645783e+01 7.391013108117704178e+01
6.000716686248779297e+00 5.985756620627853408e+00 -1.202336044896219391e+01 1.666319358829301791e+02
7.001492977142333984e+00 2.147810946279150812e+00 -1.171600172819353247e+01 9.940399023001816659e+01
8.000889062881469727e+00 4.316592739464795159e-01 -1.229043565481697442e+01 7.162230347523848195e+01
1.000070881843566895e+01 2.443888833765640811e+00 -5.001549791375111909e+01 6.164828960516820189e+01
1.100069928169250488e+01 2.392202419467821528e+00 -2.156191755746363015e+01 4.711779895769052473e+01
1.300091075897216797e+01 1.590303281709338989e+00 -4.463641451904794621e+01 3.780975612708107292e+01
1.400140857696533203e+01 3.811375634357546005e+00 -1.980645614612365080e+01 3.084039482106845753e+01
1.600155425071716309e+01 2.193533497878433991e+00 -3.919222518664703614e+01 2.145220185400012269e+01
1.700094079971313477e+01 4.223300267668264496e+00 -1.776066410299199916e+01 1.385999419472386762e+01
1.900113248825073242e+01 1.699479769787330952e+00 -4.006249488270748316e+01 1.259132500206806071e+01
2.000105118751525879e+01 1.807681015086473053e+00 -1.559332518963486791e+01 5.299023980551623936e+00
2.200130748748779297e+01 -3.498506253565824409e+01 -5.293728917195039685e-01 1.428855699156883929e+00
2.300160884857177734e+01 -1.395541245075230563e+01 -1.497092757792870543e+00 8.694325580832924061e+00
2.500159406661987305e+01 3.583313854119978714e+00 2.306313646642159654e+01 1.009089064102261091e+01
2.600119924545288086e+01 -5.776367214921265258e-01 7.336585682529619845e+00 3.003307268821345133e+00
2.800143051147460938e+01 4.416471216681998158e+00 1.507096915959414218e+01 1.737190667114782627e+01
2.900158882141113281e+01 -2.106227838571498978e+00 1.078813050391420347e+01 5.161981246677441959e+00
3.100143814086914062e+01 -1.974406779505102350e+00 2.042379015819869892e+01 1.718577786295099941e+01
3.200112867355346680e+01 -4.304679678706634149e+00 1.875012850388952756e+01 -4.390996155759694375e-01
3.400129866600036621e+01 -2.621399836879277245e+00 2.600165970932630444e+01 8.323902052287735387e+00
3.500205254554748535e+01 -1.165924469275864794e+00 2.312279268853103531e+01 -8.109422741529215273e+00
3.700140404701232910e+01 -3.663205435242338126e+01 1.195343274470405959e+01 -9.916497115446418320e+00
3.800116777420043945e+01 -1.691272951606458719e+01 1.236352181848610599e+01 -2.833947933661193019e+00
4.000225520133972168e+01 -1.572897592113690735e+00 -3.171247484254479332e+01 1.753481454044958809e+00
4.100142240524291992e+01 6.322824207051098711e-01 -3.218310882301011588e+00 9.524259307909233030e-01
4.300151753425598145e+01 1.675329688714100485e+00 -2.776451055622749209e+01 -2.114029544049571996e+00
4.400154042243957520e+01 9.039853153639683114e-01 -2.816626994742478018e+00 -3.113667845873578699e+00
4.600144410133361816e+01 2.080291072737509239e+00 -3.099649764522732553e+01 -3.947925058879263815e+00
4.700165629386901855e+01 2.923675399465935243e+00 -5.502188144182113660e+00 -3.362380922252896198e+00
4.900135993957519531e+01 1.561456705596924621e+00 -3.132741688051709161e+01 -4.834165428652568153e+00
5.000193309783935547e+01 2.345896720140729030e+00 -8.685459609532699687e+00 -4.962563169872737490e+00
5.200194072723388672e+01 -3.447389166331566912e+01 4.433500017167432361e+00 -9.878640285650817532e+00
5.300153446197509766e+01 -1.276987212214100964e+01 6.290274803293982586e-01 -2.200140576020885419e+00
5.500184249877929688e+01 -1.803222396940867611e+00 2.652510955251631231e+01 9.530852317563926590e+00
5.600215291976928711e+01 -6.917356118871168746e+00 1.307683077722473897e+01 2.864891310671282554e-01
5.800255727767944336e+01 -7.708554880719304947e-01 2.286633435989040208e+01 1.048591306755133701e+01
5.900199365615844727e+01 -2.934093382621142609e+00 1.877070823954386469e+01 -2.557985085401696779e+00
6.100201797485351562e+01 -4.816545548168278401e+00 2.733417112506822377e+01 9.160372109232184812e+00
6.200165915489196777e+01 -6.920364793836000672e+00 2.472957103899375397e+01 -2.817962513075599418e+00
6.400173568725585938e+01 2.676194480920003116e+00 2.910200046619388559e+01 1.162463835170672155e+01
6.500175952911376953e+01 -6.913281614782533779e-01 2.432830681614791501e+01 2.548197952255122800e+00
6.700188851356506348e+01 -3.953654294785587808e+01 1.689642635497216361e+01 -7.543658989793357250e+00
6.800189971923828125e+01 -1.761236331553493528e+01 1.319264448081889896e+01 -4.385577795150993552e+00
7.000175118446350098e+01 -4.272682801522250884e+00 -3.049149925664721650e+01 2.294703329870344533e+00
7.100200200080871582e+01 -1.561347059736135634e-01 -2.588268703563699091e+00 2.119287390877002508e+01
7.300211834907531738e+01 5.453125205595938496e+00 -2.547669338185727383e+01 -3.367556232095466839e+00
7.400249552726745605e+01 2.605790839610449439e+00 2.063807205518287446e+00 -6.799824452048369494e+00
7.600214862823486328e+01 1.370530128347127174e+00 -2.988052675368539113e+01 -3.406102318280090913e+00
7.700188207626342773e+01 4.575373918325908562e+00 -8.930332805673003804e+00 -3.794540670396827409e+00
7.900233674049377441e+01 -8.220769328584083269e-01 -3.159444217993438997e+01 -5.349262827506663598e+00
8.000214862823486328e+01 7.162006331946486171e+00 -1.232668777301353202e+01 -3.418756556485732290e+00
8.666860532760620117e+01 1.243520505256378783e+01 1.935339360783973461e+01 3.669414703024699520e+00
8.916906118392944336e+01 3.940957316783851638e+00 -1.048864383442833059e+01 1.618258609817147260e+02
