4.033733844757080078e+00 8.224846724970575451e+00 1.492264786585656111e+01 5.381298259097366099e+01
6.000655412673950195e+00 3.549411187742293805e+00 8.274806658894249267e+00 1.402818436131607314e+02
7.000016212463378906e+00 4.031123500155104011e+00 8.285690254251676379e+00 8.193590291472628451e+01
8.000075101852416992e+00 1.630917942861856318e+00 3.585388907591550378e+00 7.843240113557101267e+01
1.003334951400756836e+01 4.277458609831228387e-01 -3.521884386872477535e+01 5.182586415180219319e+01
1.103369235992431641e+01 2.320938905229468219e-01 -1.210482446056698791e+01 4.347585755619320480e+01
1.303329491615295410e+01 -1.121440776940630712e+00 -2.954311759074539623e+01 3.415162528427993038e+01
1.403343415260314941e+01 2.086970427981441389e+00 1.044313218685296079e+02 3.066755940362475030e+01
1.600018930435180664e+01 -2.695232509692004896e-01 -4.118794365996930651e+01 2.243720935190390264e+01
1.703328418731689453e+01 2.016297715064752083e+00 -1.997970417686634903e+01 1.897222897573260525e+01
1.900000023841857910e+01 -1.671900416905032216e+00 -2.986450086119009484e+01 1.613765719257730780e+01
2.000018000602722168e+01 3.710898846766099268e+00 -1.838627657283200278e+01 9.489699214515326275e+00
2.200065517425537109e+01 -3.346297838498679766e+01 -9.548450287244008905e+00 8.589856956458561399e-01
2.300012159347534180e+01 -1.306449246122679142e+01 -1.330107407540663189e+01 4.715801755719553512e+00
2.503330445289611816e+01 2.381451772753280238e+00 3.332620058743857783e+01 7.448665742425419012e+00
2.603323435783386230e+01 5.295627617373384055e-01 3.191324957225603498e+00 4.211942602619501486e+00
2.803360843658447266e+01 -4.876844295578962374e+00 1.802005206421262073e+01 1.336542421752437804e+01
2.900001645088195801e+01 -2.716583135353630496e+00 2.634730479144536730e+00 -2.692230961973450576e+00
3.100001931190490723e+01 -4.334210901412120620e+00 1.891048935076730686e+01 2.736210741481670539e+01
3.200006055831909180e+01 -4.503862996280815878e+00 5.415820820341991748e+00 6.961924775772001794e+01
3.400003814697265625e+01 -1.381231070073584988e+01 2.212443437952356362e+01 2.426074072461253763e+02
3.503329992294311523e+01 -4.371193292899933454e+02 -3.004260898712745984e+02 7.125448387724098893e+02
3.703307366371154785e+01 -8.644327421851545523e+02 -1.024811054113330556e+03 9.724584457921149578e+02
3.803303742408752441e+01 -8.644094564933130869e+02 -1.024427649741049208e+03 9.724423350514726963e+02
4.003330636024475098e+01 -8.644581917440821144e+02 -5.249034654336044241e+02 9.725433659382774749e+02
4.103371906280517578e+01 -8.644171154155646946e+02 -5.245033576634284600e+02 9.725110657685419255e+02
4.303309845924377441e+01 -8.644217705059245418e+02 -2.491874297997321719e+01 9.725080973450209285e+02
4.403354954719543457e+01 -8.644134637847585054e+02 -2.449152841203385833e+01 9.725668061598248642e+02
4.603346586227416992e+01 -8.596999236649559180e+02 4.770781007234927529e+02 9.748568902516925618e+02
4.703315806388854980e+01 -3.093680257416226596e+02 8.548944529626741087e+02 -1.703189540236502353e+02
4.903302025794982910e+01 1.306405977474582642e+03 1.515894926389836883e+03 -1.080033920060947139e+02
