9.989857673645019531e-02 5.961934704017439799e+02 5.988254612684953315e+01 2.135078243603876302e+01 -5.431606117330064348e-03 1.395167616613667179e-02 -3.390119972489757244e-02 5.961876669778428095e+02 5.992759495226546562e+01 2.456685991218632026e+01
1.334199905395507812e-01 5.961973336641057131e+02 5.990238661627979155e+01 2.129996587782575546e+01 -5.931997407404129147e-03 1.356940254376595885e-02 -3.447298690343666289e-02 5.961876669778428095e+02 5.992759495226546562e+01 2.707183934787545709e+01
1.664772033691406250e-01 5.961798800734554789e+02 5.989600480408286387e+01 2.128836645722244114e+01 -5.142582133624513940e-03 1.486775915414248299e-02 -3.448653292862966652e-02 5.961876669778428095e+02 5.992759495226546562e+01 3.021058603504333817e+01
1.997432708740234375e-01 5.962215522486349073e+02 5.984883107083168596e+01 2.136112851227361631e+01 -6.683062505731558224e-03 1.289566658942104677e-02 -3.461414189190127610e-02 5.961876669778428095e+02 5.992759495226546562e+01 3.402294488758396795e+01
2.330021858215332031e-01 5.962086168800749419e+02 5.984036797674794173e+01 2.138462842930299956e+01 -6.880215772942465530e-03 1.409971986101396686e-02 -3.414081589268974648e-02 5.961876669778428095e+02 5.992759495226546562e+01 3.847379218788378097e+01
2.663030624389648438e-01 5.962119074253827193e+02 5.987974559764971616e+01 2.133557068181259808e+01 -5.870643681120314705e-03 1.423650319337974555e-02 -3.396572069164032620e-02 5.961876669778428095e+02 5.992759495226546562e+01 4.355431473029423728e+01
2.997848987579345703e-01 5.962360751937075065e+02 5.987289914777581856e+01 2.129781129505027337e+01 -5.979519931391002498e-03 1.243816193095269133e-02 -3.447249229743427901e-02 5.961876669778428095e+02 5.992759495226546562e+01 4.927542773386697661e+01
3.330516815185546875e-01 5.961759313339043729e+02 5.987493648000650381e+01 2.131523977369849376e+01 -6.373649985440653018e-03 1.376614792982838904e-02 -3.416351215426025739e-02 5.961876669778428095e+02 5.992759495226546562e+01 5.555207207222571242e+01
3.664617538452148438e-01 5.962669118540050022e+02 5.984794449404751759e+01 2.137013877722709054e+01 -6.120284958753611365e-03 1.353033943568123822e-02 -3.490071647809463856e-02 5.961876669778428095e+02 5.992759495226546562e+01 6.243341379148486681e+01
3.998229503631591797e-01 5.962151703743658118e+02 5.985196818693130894e+01 2.134194231241074391e+01 -5.851148267884168433e-03 1.460797480089159883e-02 -3.429820987471070282e-02 5.961876669778428095e+02 5.992759495226546562e+01 6.986581573563047698e+01
4.331037998199462891e-01 5.962350859257817319e+02 5.983251975263969769e+01 2.132621746082158865e+01 -6.743877981679596671e-03 1.451530618390563937e-02 -3.430419764108368769e-02 5.961876669778428095e+02 5.992759495226546562e+01 7.782257224158966835e+01
4.666769504547119141e-01 5.961805633208543895e+02 5.984363363996054375e+01 2.132941662293090701e+01 -5.731597769005294073e-03 1.425785263557940649e-02 -3.458316913832531342e-02 5.961876669778428095e+02 5.992759495226546562e+01 8.638130723816236411e+01
4.997627735137939453e-01 5.961827845915789794e+02 5.982551325073526982e+01 2.120832914155159088e+01 -8.661405775888100789e-03 1.540523546290630853e-02 -3.508852514170375525e-02 5.961876669778428095e+02 5.992759495226546562e+01 9.532232395318561657e+01
5.328931808471679688e-01 5.961832490613550135e+02 5.984941090952533926e+01 2.136717761159198403e+01 -5.481643093891225109e-03 1.405270174388531176e-02 -3.507005010433590642e-02 5.961876669778428095e+02 5.992759495226546562e+01 1.047630019936364931e+02
5.664622783660888672e-01 5.961580886316205579e+02 5.989387821137233914e+01 2.133256574938911854e+01 -5.225890654462783842e-03 1.434585879839641621e-02 -3.509347652042373034e-02 5.961876669778428095e+02 5.992759495226546562e+01 1.148098127105960202e+02
5.997765064239501953e-01 5.961860573463368382e+02 5.986356545803886320e+01 2.132118516851100054e+01 -5.604636874557103465e-03 1.285419858597509901e-02 -3.611792016913907555e-02 5.961876669778428095e+02 5.992759495226546562e+01 1.252426256647897276e+02
6.331627368927001953e-01 5.962393070409791562e+02 5.985915567570510376e+01 2.134289924500159330e+01 -5.344967373109930052e-03 1.455537140060962804e-02 -3.390422440660804254e-02 5.961876669778428095e+02 5.992759495226546562e+01 1.361434612708718817e+02
6.663510799407958984e-01 5.961931862536201834e+02 5.984804245581637616e+01 2.133945676308821504e+01 -5.843416857012596020e-03 1.409662892893613628e-02 -3.496481321424630556e-02 5.961876669778428095e+02 5.992759495226546562e+01 1.474053347049804188e+02
6.997325420379638672e-01 5.962256061904228090e+02 5.980342378103121348e+01 2.137473341871618970e+01 -5.461536363924187135e-03 1.401205822357500658e-02 -3.528767377045104181e-02 5.961876669778428095e+02 5.992759495226546562e+01 1.591443817475730782e+02
7.330317497253417969e-01 5.962240480522511916e+02 5.985443004961688018e+01 2.138679004567660868e+01 -6.040213955444817887e-03 1.452372202436031344e-02 -3.378183322881076617e-02 5.961876669778428095e+02 5.992759495226546562e+01 1.712493885756839234e+02
7.664451599121093750e-01 5.961829741032945549e+02 5.984307716581589887e+01 2.135478279717840522e+01 -6.111213748967219729e-03 1.401412462719557259e-02 -3.481092396208283757e-02 5.961876669778428095e+02 5.992759495226546562e+01 1.837758130230301390e+02
7.997815608978271484e-01 5.962227562047974061e+02 5.989508621875120298e+01 2.135012999004985446e+01 -4.481431283240974207e-03 1.446553595391914318e-02 -3.427090288375361782e-02 5.961876669778428095e+02 5.992759495226546562e+01 1.966361144890746857e+02
8.332631587982177734e-01 5.962108788397772514e+02 5.984851761708708295e+01 2.134406791029186934e+01 -4.948068794492603562e-03 1.349464649841266434e-02 -3.499958904868470666e-02 5.961876669778428095e+02 5.992759495226546562e+01 2.099005183651166249e+02
8.663852214813232422e-01 5.962075131421214564e+02 5.985523289598532415e+01 2.114207765298176156e+01 -9.475626587864613773e-03 1.595843646715135178e-02 -3.461325550623405717e-02 5.961876669778428095e+02 5.992759495226546562e+01 2.233494006504925267e+02
8.998286724090576172e-01 5.962169433485410082e+02 5.983548728628892377e+01 2.121390046457701928e+01 -9.077064859373729436e-03 1.507465242029075274e-02 -3.429416506845413964e-02 5.961876669778428095e+02 5.992759495226546562e+01 2.372421799443522161e+02
9.333217144012451172e-01 5.962144671824224815e+02 5.988319639221727897e+01 2.136853774713078025e+01 -4.601428763610851055e-03 1.409924613464440257e-02 -3.453032137876405755e-02 5.961876669778428095e+02 5.992759495226546562e+01 2.514545579373450153e+02
9.664280414581298828e-01 5.961904027643887503e+02 5.983071047802921782e+01 2.138146217524510817e+01 -5.669647068949705201e-03 1.430611949539319604e-02 -3.468107829834604638e-02 5.961876669778428095e+02 5.992759495226546562e+01 2.657805559526060506e+02
1.000740528106689453e+00 5.961884888847810089e+02 5.983628650190932774e+01 2.136791509152554269e+01 -5.268250384441740958e-03 1.424765745732284490e-02 -3.516723562189357638e-02 5.961876669778428095e+02 5.992759495226546562e+01 2.809025773818941047e+02
1.033219575881958008e+00 5.962515305756046473e+02 5.980076073432368844e+01 2.138463647011415958e+01 -5.796144215427638871e-03 1.399670083800966594e-02 -3.447048293344555370e-02 5.961876669778428095e+02 5.992759495226546562e+01 2.954575489137028512e+02
1.066946744918823242e+00 5.962117408900875262e+02 5.984452012345277438e+01 2.135103441341859920e+01 -4.345916057870828804e-03 1.432515295583500908e-02 -3.465784528053483110e-02 5.961876669778428095e+02 5.992759495226546562e+01 3.108032612563527550e+02
1.099791288375854492e+00 5.962082224296824506e+02 5.981354104805248539e+01 2.139673731054717720e+01 -6.285052978544460045e-03 1.437173047021594700e-02 -3.424442659761819940e-02 5.961876669778428095e+02 5.992759495226546562e+01 3.259579432775600480e+02
1.133146047592163086e+00 5.962446059483621639e+02 5.984662870226900111e+01 2.130403836159860376e+01 -5.094963668513420932e-03 1.431121920434619450e-02 -3.417222237887879849e-02 5.961876669778428095e+02 5.992759495226546562e+01 3.415443332269994698e+02
1.166420936584472656e+00 5.961954274426902884e+02 5.985141268694176375e+01 2.134634729832422195e+01 -5.195390113230752283e-03 1.388709850768410879e-02 -3.484812417210543523e-02 5.961876669778428095e+02 5.992759495226546562e+01 3.572741580189961041e+02
1.199789285659790039e+00 5.962190127983391221e+02 5.984139410481081001e+01 2.134102332065096519e+01 -4.815912920875776992e-03 1.474111185374141035e-02 -3.454949412982424861e-02 5.961876669778428095e+02 5.992759495226546562e+01 3.732129936958508551e+02
1.233070373535156250e+00 5.961930183162605772e+02 5.983109836064097919e+01 2.122100105385907653e+01 -8.009492976327251684e-03 1.544608256429852271e-02 -3.473967534524262379e-02 5.961876669778428095e+02 5.992759495226546562e+01 3.892581438222757697e+02
1.266394615173339844e+00 5.961996669357530436e+02 5.984269729769577140e+01 2.118229912426773609e+01 -8.844235614930726769e-03 1.693281550784392006e-02 -3.406553344363326408e-02 5.961876669778428095e+02 5.992759495226546562e+01 4.054557516206109540e+02
1.300007104873657227e+00 5.962190557549829464e+02 5.980083205210540598e+01 2.141329517550597572e+01 -5.993695769204228363e-03 1.462684582510597256e-02 -3.433631012140533206e-02 5.961876669778428095e+02 5.992759495226546562e+01 4.219102154956551658e+02
1.333067417144775391e+00 5.962063671314174371e+02 5.983876229855406592e+01 2.138847478959956305e+01 -5.401892980910607232e-03 1.541453102123754686e-02 -3.334987670255420283e-02 5.961876669778428095e+02 5.992759495226546562e+01 4.381924217972197653e+02
1.366277217864990234e+00 5.961948491901002853e+02 5.981020322766310215e+01 2.139364221668713029e+01 -4.672579557160556896e-03 1.516160271697414991e-02 -3.501906051035331979e-02 5.961876669778428095e+02 5.992759495226546562e+01 4.546298686027953408e+02
1.399760007858276367e+00 5.962255161324851542e+02 5.983922495970027455e+01 2.138539880715288177e+01 -4.771160776648744432e-03 1.540580715660767701e-02 -3.356197833435168448e-02 5.961876669778428095e+02 5.992759495226546562e+01 4.712687462184458127e+02
1.433031082153320312e+00 5.962616792908547723e+02 5.978079706377324243e+01 2.140159414924081815e+01 -5.455840122503687745e-03 1.430480348133362015e-02 -3.451605722954932676e-02 5.961876669778428095e+02 5.992759495226546562e+01 4.878519224440310609e+02
1.466228723526000977e+00 5.961880509612019523e+02 5.985293518980611793e+01 2.135164291085443722e+01 -5.743848887623162654e-03 1.437167234328800072e-02 -3.493872810192846096e-02 5.961876669778428095e+02 5.992759495226546562e+01 5.044313484266767773e+02
1.500238656997680664e+00 5.962310594066569820e+02 5.985416136702794887e+01 2.138513942346941121e+01 -4.684666106739750376e-03 1.392312490098970151e-02 -3.509059757987229716e-02 5.961876669778428095e+02 5.992759495226546562e+01 5.214334621162563508e+02
1.533060789108276367e+00 5.962290476330434785e+02 5.978057988928693334e+01 2.141863950899941926e+01 -5.608985207030309054e-03 1.483109210582124471e-02 -3.475737091131565065e-02 5.961876669778428095e+02 5.992759495226546562e+01 5.378418514344813275e+02
1.566581249237060547e+00 5.961850864382369082e+02 5.984253431459778483e+01 2.140987833206373026e+01 -5.520690852160226036e-03 1.442614136200855504e-02 -3.397456068989719580e-02 5.961876669778428095e+02 5.992759495226546562e+01 5.545828946180022285e+02
1.600311756134033203e+00 5.961944375589971514e+02 5.980784309790679742e+01 2.141285954212988329e+01 -5.186335553615323973e-03 1.435696849376959759e-02 -3.464769256304075368e-02 5.961876669778428095e+02 5.992759495226546562e+01 5.713952426578923678e+02
1.633163213729858398e+00 5.962139951475963926e+02 5.983779282456784188e+01 2.137831902994206246e+01 -5.128976926470075505e-03 1.486476348203506770e-02 -3.435932277470766377e-02 5.961876669778428095e+02 5.992759495226546562e+01 5.877208287132632449e+02
1.666532516479492188e+00 5.962116805524086658e+02 5.978920108343278628e+01 2.116365483199231079e+01 -8.492688647443751362e-03 1.591554499869932138e-02 -3.494108925594903436e-02 5.961876669778428095e+02 5.992759495226546562e+01 6.042382837512736842e+02
1.699773550033569336e+00 5.962301043519809127e+02 5.982638872314101519e+01 2.138563912728734806e+01 -4.461510367408106671e-03 1.385086985603157725e-02 -3.416813847531920828e-02 5.961876669778428095e+02 5.992759495226546562e+01 6.206103266529729581e+02
1.733787059783935547e+00 5.961718275910720877e+02 5.982038216078360193e+01 2.139439348074971292e+01 -5.073483287053054229e-03 1.472690355390877254e-02 -3.436926831056189013e-02 5.961876669778428095e+02 5.992759495226546562e+01 6.372611482097911448e+02
1.766174793243408203e+00 5.962579898996690417e+02 5.980412575002640807e+01 2.142633969566010421e+01 -5.340863760521795227e-03 1.414809211155503357e-02 -3.464671930512128878e-02 5.961876669778428095e+02 5.992759495226546562e+01 6.530046248031960658e+02
1.799834966659545898e+00 5.961995514057476839e+02 5.982312114578123641e+01 2.136811306744405314e+01 -5.421437103868263253e-03 1.398605875018772877e-02 -3.523098202881135010e-02 5.961876669778428095e+02 5.992759495226546562e+01 6.692349157996043232e+02
1.833145856857299805e+00 5.961691903128628383e+02 5.986436769891933807e+01 2.140032399879225267e+01 -5.852213600607216078e-03 1.468909900004202254e-02 -3.485729414727016529e-02 5.961876669778428095e+02 5.992759495226546562e+01 6.851482042678729840e+02
1.866490840911865234e+00 5.961526030016750610e+02 5.982929558710792861e+01 2.139812405039074150e+01 -5.482047701020432984e-03 1.424617887360829158e-02 -3.574736309815203239e-02 5.961876669778428095e+02 5.992759495226546562e+01 7.009132271181143778e+02
1.899829864501953125e+00 5.961899685772090152e+02 5.983927831617517512e+01 2.141704494169608708e+01 -5.137092738361365325e-03 1.433552197366836506e-02 -3.450312441163781718e-02 5.961876669778428095e+02 5.992759495226546562e+01 7.164943718181907570e+02
1.933082103729248047e+00 5.961295973444490528e+02 5.984663227188222123e+01 2.138531131112606332e+01 -4.850086965550486767e-03 1.464683922118442845e-02 -3.483781200370719699e-02 5.961876669778428095e+02 5.992759495226546562e+01 7.318382279722751491e+02
1.966439008712768555e+00 5.961850768587049743e+02 5.987237980953052130e+01 2.138016356479429092e+01 -4.446975290601904232e-03 1.392064910080877300e-02 -3.514393919064445759e-02 5.961876669778428095e+02 5.992759495226546562e+01 7.470165294083368508e+02
1.999647855758666992e+00 5.961549410811720691e+02 5.980775923719866682e+01 2.138019493536541660e+01 -4.570677535297056233e-03 1.509514023163216478e-02 -3.533065756876210828e-02 5.961876669778428095e+02 5.992759495226546562e+01 7.618983520322984759e+02
2.033016681671142578e+00 5.961685687988743894e+02 5.984528337280282528e+01 2.132584980684764986e+01 -4.797606755410516524e-03 1.386268530881164425e-02 -3.514020804710520779e-02 5.961876669778428095e+02 5.992759495226546562e+01 7.766051666997134362e+02
2.066240310668945312e+00 5.962150884367426897e+02 5.983346666755758747e+01 2.139731579893305025e+01 -5.197511247221674700e-03 1.415286999521300597e-02 -3.531347232457845986e-02 5.961876669778428095e+02 5.992759495226546562e+01 7.909859519924488040e+02
2.099569797515869141e+00 5.961494849690277533e+02 5.983317327245001138e+01 2.138627692135665725e+01 -5.302975264493700082e-03 1.440305435248948052e-02 -3.567677703815427814e-02 5.961876669778428095e+02 5.992759495226546562e+01 8.051334239044288097e+02
2.133288860321044922e+00 5.961507418910268825e+02 5.989807725442078379e+01 2.137819069973234321e+01 -4.690004487434214740e-03 1.467191351617910984e-02 -3.513318134445260477e-02 5.961876669778428095e+02 5.992759495226546562e+01 8.191449693391869005e+02
2.166569471359252930e+00 5.962412848167535913e+02 5.981098689651089018e+01 2.131770800641179520e+01 -6.305491031143408039e-03 1.346782942658100550e-02 -3.490472413077559677e-02 5.961876669778428095e+02 5.992759495226546562e+01 8.326605936353815878e+02
2.199830532073974609e+00 5.961899926012921469e+02 5.980748608891630624e+01 2.142099183895687275e+01 -5.035219749860920385e-03 1.472856289125953552e-02 -3.463426507718758707e-02 5.961876669778428095e+02 5.992759495226546562e+01 8.458404409550718128e+02
2.233112573623657227e+00 5.962145977590406574e+02 5.985058734852449902e+01 2.139068015883970020e+01 -5.914202979010567407e-03 1.389840098323287358e-02 -3.408116157696318427e-02 5.961876669778428095e+02 5.992759495226546562e+01 8.586841746096587258e+02
2.266414403915405273e+00 5.961755944615193812e+02 5.982412956406584925e+01 2.136513449224058903e+01 -5.554987327750901017e-03 1.470225228154815184e-02 -3.442379980809904400e-02 5.961876669778428095e+02 5.992759495226546562e+01 8.711743020457953435e+02
2.299878358840942383e+00 5.962373113173543970e+02 5.985563170272179434e+01 2.138557804324870659e+01 -4.284018253351912046e-03 1.513463132188423189e-02 -3.407020636019839760e-02 5.961876669778428095e+02 5.992759495226546562e+01 8.833446845585548317e+02
2.332806587219238281e+00 5.962344999511160495e+02 5.984160730257097782e+01 2.138345222898627895e+01 -4.932246554126565319e-03 1.427550152993594355e-02 -3.473530219931832835e-02 5.961876669778428095e+02 5.992759495226546562e+01 8.949317228225958161e+02
2.366220951080322266e+00 5.961875117097960128e+02 5.985001356817807050e+01 2.132741158567657180e+01 -5.056792812016535667e-03 1.430143751587062417e-02 -3.513941053460933883e-02 5.961876669778428095e+02 5.992759495226546562e+01 9.062794881505309377e+02
2.399976968765258789e+00 5.962622631120286769e+02 5.981658105794676317e+01 2.134649676897235437e+01 -5.517283978503877313e-03 1.382556351408439563e-02 -3.442281345094969081e-02 5.961876669778428095e+02 5.992759495226546562e+01 9.173067635172192240e+02
2.433429479598999023e+00 5.962017684921304408e+02 5.982213235744475099e+01 2.138216354580545797e+01 -5.599878265075430329e-03 1.434495175077171204e-02 -3.511629823686646112e-02 5.961876669778428095e+02 5.992759495226546562e+01 9.277852937762663714e+02
2.466845273971557617e+00 5.962280201652727101e+02 5.985058587017068277e+01 2.138361031329642259e+01 -5.829414701144683755e-03 1.396261330270760770e-02 -3.426598477878475824e-02 5.961876669778428095e+02 5.992759495226546562e+01 9.377888384097554990e+02
2.500442504882812500e+00 5.962066592538637906e+02 5.984650229568054414e+01 2.136702419130737951e+01 -5.688314966052668287e-03 1.407377104879784131e-02 -3.461053113382484697e-02 5.961876669778428095e+02 5.992759495226546562e+01 9.473629340474738001e+02
2.533059835433959961e+00 5.962327522032218212e+02 5.979046789687896535e+01 2.133429701489966135e+01 -6.212836107199779662e-03 1.350636363348145692e-02 -3.526557354573724851e-02 5.961876669778428095e+02 5.992759495226546562e+01 9.561777922764645155e+02
2.566490888595581055e+00 5.962277690799948004e+02 5.982103749157523964e+01 2.142781930099222620e+01 -5.552642100174373999e-03 1.431649314072235002e-02 -3.401095425757631741e-02 5.961876669778428095e+02 5.992759495226546562e+01 9.647055231496749457e+02
2.599948883056640625e+00 5.961967274897170910e+02 5.982151555208748306e+01 2.137845672441406819e+01 -5.588649121806944092e-03 1.441853248874482019e-02 -3.520309695490513036e-02 5.961876669778428095e+02 5.992759495226546562e+01 9.727097266935447806e+02
2.633109569549560547e+00 5.962079467716644103e+02 5.979711093721764570e+01 2.137364355853822673e+01 -5.747249607525849353e-03 1.454252522243229540e-02 -3.453684045351675114e-02 5.961876669778428095e+02 5.992759495226546562e+01 9.801028711721305626e+02
2.666560411453247070e+00 5.962015153066496396e+02 5.984738380088177223e+01 2.140773979499030588e+01 -4.863651723408992517e-03 1.484373010406677545e-02 -3.375636654389978925e-02 5.961876669778428095e+02 5.992759495226546562e+01 9.869995891952266902e+02
2.699867486953735352e+00 5.962462654513219604e+02 5.982202939553127408e+01 2.136778835913242958e+01 -5.101834464327820520e-03 1.359396216460298339e-02 -3.542049704579626479e-02 5.961876669778428095e+02 5.992759495226546562e+01 9.932902765876788180e+02
2.733206748962402344e+00 5.962117389717784590e+02 5.980673026166846995e+01 2.138843744595124363e+01 -6.526704769305464310e-03 1.436968572405802370e-02 -3.485439567812219364e-02 5.961876669778428095e+02 5.992759495226546562e+01 9.989945859038468825e+02
2.766530513763427734e+00 5.962481528336294332e+02 5.981530503254688114e+01 2.140494454106051947e+01 -5.572033784397291585e-03 1.452310793306965664e-02 -3.408158772877646625e-02 5.961876669778428095e+02 5.992759495226546562e+01 1.004087463283165562e+03
2.799775600433349609e+00 5.962382187354897951e+02 5.977729417660932398e+01 2.139986476484412847e+01 -5.569866271722223421e-03 1.451014278079978959e-02 -3.510173210696844459e-02 5.961876669778428095e+02 5.992759495226546562e+01 1.008545453052066023e+03
2.833039522171020508e+00 5.961836868528655486e+02 5.981943859433591371e+01 2.120290399495602429e+01 -8.180463430728963578e-03 1.537731562364739492e-02 -3.511799929273573539e-02 5.961876669778428095e+02 5.992759495226546562e+01 1.012366952275833910e+03
2.866442680358886719e+00 5.961846258498460429e+02 5.982195217900800088e+01 2.137441542977414954e+01 -5.097757384710947630e-03 1.412234948700469284e-02 -3.546843425380948045e-02 5.961876669778428095e+02 5.992759495226546562e+01 1.015544750437107041e+03
2.899909257888793945e+00 5.961261486670870227e+02 5.987816244957247136e+01 2.129384391268532895e+01 -5.105309866529303756e-03 1.343601047892212415e-02 -3.593417060906261423e-02 5.961876669778428095e+02 5.992759495226546562e+01 1.018049023972545228e+03
2.933250188827514648e+00 5.961546800284646679e+02 5.987775022426016136e+01 2.133266519061326605e+01 -4.714371441941299715e-03 1.372703349099220656e-02 -3.511798572155971215e-02 5.961876669778428095e+02 5.992759495226546562e+01 1.019850984615523430e+03
2.966774940490722656e+00 5.961765862880854456e+02 5.988328124982089662e+01 2.131421038274665136e+01 -4.795842457846283269e-03 1.279865348608734237e-02 -3.505460271245890158e-02 5.961876669778428095e+02 5.992759495226546562e+01 1.020948882261983272e+03
3.000148534774780273e+00 5.961277898778907911e+02 5.984976099789370352e+01 2.133378270296789125e+01 -4.795118352275150146e-03 1.407514644934096566e-02 -3.557342858039506256e-02 5.961876669778428095e+02 5.992759495226546562e+01 1.021314133618423057e+03
3.033167839050292969e+00 5.961936389545963948e+02 5.984348550069001504e+01 2.131253186900710617e+01 -5.806256364203793950e-03 1.398002433968115361e-02 -3.498541428408623311e-02 5.961876669778428095e+02 5.992759495226546562e+01 1.021314133618423057e+03
3.066475152969360352e+00 5.961433934449609069e+02 5.981638026913108064e+01 2.115079565789051230e+01 -9.836840268895637868e-03 1.613590122027864712e-02 -3.536110486134575598e-02 5.961876669778428095e+02 5.992759495226546562e+01 1.021314133618423057e+03
3.099900960922241211e+00 5.962240465915895129e+02 5.984513954647704281e+01 2.135532017646751868e+01 -5.772565666460935385e-03 1.340048776064610252e-02 -3.447827831970905893e-02 5.961876669778428095e+02 5.992759495226546562e+01 1.021314133618423057e+03
3.133188962936401367e+00 5.961698190773427086e+02 5.981545136826274245e+01 2.119967619549246152e+01 -9.504067516362322415e-03 1.569369893497211260e-02 -3.479186483353462200e-02 5.961876669778428095e+02 5.992759495226546562e+01 1.021314133618423057e+03
3.166477918624877930e+00 5.961796467289514112e+02 5.982224379513831991e+01 2.115119080472036117e+01 -1.000007156446602007e-02 1.499582037066105218e-02 -3.453661892023732888e-02 5.961876669778428095e+02 5.992759495226546562e+01 1.021314133618423057e+03
3.199828624725341797e+00 5.962150268350533224e+02 5.986210350126683011e+01 2.132132370760258411e+01 -6.434994748537142296e-03 1.358815771333590772e-02 -3.397857971855992171e-02 5.961876669778428095e+02 5.992759495226546562e+01 1.021314133618423057e+03
3.233685255050659180e+00 5.961847169929212669e+02 5.983764826068796339e+01 2.130994249436240295e+01 -6.642383302875029712e-03 1.434791154897588870e-02 -3.516394043730173419e-02 5.961876669778428095e+02 5.992759495226546562e+01 1.021314133618423057e+03
3.266783237457275391e+00 5.961904272019041855e+02 5.985374608810929686e+01 2.130834423781849907e+01 -6.676732375684838600e-03 1.391343414937288962e-02 -3.471508172854440022e-02 5.961876669778428095e+02 5.992759495226546562e+01 1.021314133618423057e+03
3.299915075302124023e+00 5.961973130796723126e+02 5.989304654359709446e+01 2.131055056337867271e+01 -5.372373925689008685e-03 1.376313081405620802e-02 -3.407743374160322747e-02 5.961876669778428095e+02 5.992759495226546562e+01 1.021314133618423057e+03
3.333244323730468750e+00 5.962588173669736307e+02 5.984534066285696241e+01 2.135243249813731126e+01 -5.964196396737876660e-03 1.277089328657345958e-02 -3.512469958670379894e-02 5.961876669778428095e+02 5.992759495226546562e+01 1.021314133618423057e+03
3.366508245468139648e+00 5.962401624721323969e+02 5.984765281635925049e+01 2.134820221654833716e+01 -5.849983712199349414e-03 1.395853764936514155e-02 -3.413285773315286042e-02 5.961876669778428095e+02 5.992759495226546562e+01 1.021314133618423057e+03
3.399843692779541016e+00 5.962582419076387623e+02 5.987156755029997157e+01 2.132734357601018260e+01 -5.383349242777732760e-03 1.297141806391006319e-02 -3.425344543577552719e-02 5.961876669778428095e+02 5.992759495226546562e+01 1.021314133618423057e+03
3.433151245117187500e+00 5.962374269025295916e+02 5.983801439206391848e+01 2.134880302444806688e+01 -6.508205260154107004e-03 1.335918661920201291e-02 -3.467226941163062404e-02 5.961876669778428095e+02 5.992759495226546562e+01 1.021314133618423057e+03
3.466505050659179688e+00 5.962010230888259912e+02 5.984422296059164381e+01 2.135480393033860480e+01 -5.440665797205342449e-03 1.408658653539151227e-02 -3.481967598156958388e-02 5.961876669778428095e+02 5.992759495226546562e+01 1.021314133618423057e+03
3.499885797500610352e+00 5.961796172603088735e+02 5.988338289775796142e+01 2.133404548296062231e+01 -6.409186532617453490e-03 1.371080623917257657e-02 -3.400199553034951444e-02 5.961876669778428095e+02 5.992759495226546562e+01 1.021314133618423057e+03
3.532805919647216797e+00 5.962459308251915218e+02 5.986605712202360507e+01 2.130510735134267364e+01 -5.340141651155499818e-03 1.312445080695549826e-02 -3.416099656292395648e-02 5.961876669778428095e+02 5.992759495226546562e+01 1.021314133618423057e+03
3.566492080688476562e+00 5.962619815878913414e+02 5.984776621140829889e+01 2.135108233858087345e+01 -4.775947536384390901e-03 1.456756313256089494e-02 -3.423522270665228101e-02 5.961876669778428095e+02 5.992759495226546562e+01 1.021314133618423057e+03
3.600137948989868164e+00 5.961775331331449479e+02 5.994399448654043994e+01 2.129798898420627751e+01 -4.129216169238716580e-03 1.451882953946916598e-02 -3.398339866132431275e-02 5.961876669778428095e+02 5.992759495226546562e+01 1.021314133618423057e+03
3.633174419403076172e+00 5.962010348519916079e+02 5.986688670699993509e+01 2.134894702158002744e+01 -5.968074672231362884e-03 1.396855973747666152e-02 -3.353676358883639352e-02 5.961876669778428095e+02 5.992759495226546562e+01 1.021314133618423057e+03
3.666506767272949219e+00 5.962217575497063535e+02 5.978497016400261543e+01 2.115898522622520161e+01 -9.932335625585878708e-03 1.584812893259869918e-02 -3.498394670669599527e-02 5.961876669778428095e+02 5.992759495226546562e+01 1.021314133618423057e+03
3.699871778488159180e+00 5.961968329002875180e+02 5.987682669269783275e+01 2.133287068440565193e+01 -5.049898751394884394e-03 1.471365481531176043e-02 -3.449735712712861946e-02 5.961876669778428095e+02 5.992759495226546562e+01 1.021314133618423057e+03
3.733206272125244141e+00 5.962189268091875647e+02 5.985263672714917504e+01 2.132002709741574620e+01 -5.245011311500892733e-03 1.318499038306215898e-02 -3.459950650233264979e-02 5.961876669778428095e+02 5.992759495226546562e+01 1.021314133618423057e+03
3.766451120376586914e+00 5.962269598656746439e+02 5.989329459463398564e+01 2.134157783947000908e+01 -4.945592371533939421e-03 1.342317418300386853e-02 -3.480773846186945714e-02 5.961876669778428095e+02 5.992759495226546562e+01 1.021314133618423057e+03
3.799822092056274414e+00 5.962018765369031144e+02 5.993836516433327688e+01 2.130465574708997423e+01 -4.851330725393753797e-03 1.470201582748101310e-02 -3.370496019871434962e-02 5.961876669778428095e+02 5.992759495226546562e+01 1.021314133618423057e+03
3.832841873168945312e+00 5.961735449680492138e+02 5.987849652320208094e+01 2.131238087064615527e+01 -5.079103607344985678e-03 1.338556772249844921e-02 -3.574966375734962842e-02 5.961876669778428095e+02 5.992759495226546562e+01 1.021314133618423057e+03
3.866420269012451172e+00 5.961836706178810346e+02 5.984794126305203577e+01 2.134785073844375347e+01 -5.253618475209332651e-03 1.411112239364439511e-02 -3.530900333469882968e-02 5.961876669778428095e+02 5.992759495226546562e+01 1.021314133618423057e+03
3.899893999099731445e+00 5.962190385185783725e+02 5.988259348667663318e+01 2.133469250645208959e+01 -5.854529068855980622e-03 1.388488271814148495e-02 -3.416823652275387951e-02 5.961876669778428095e+02 5.992759495226546562e+01 1.021314133618423057e+03
3.932845592498779297e+00 5.962311023527184943e+02 5.986283709281416066e+01 2.135983467814213910e+01 -5.633002218804891541e-03 1.375292800000461890e-02 -3.439272230805173747e-02 5.961876669778428095e+02 5.992759495226546562e+01 1.021314133618423057e+03
3.966874361038208008e+00 5.962074029414243341e+02 5.985551568608865125e+01 2.134782294128289237e+01 -5.285855073087129125e-03 1.397839679706775959e-02 -3.518387833311148460e-02 5.961876669778428095e+02 5.992759495226546562e+01 1.021314133618423057e+03
4.000055789947509766e+00 5.962042815071606583e+02 5.990558090894231924e+01 2.131366067730208869e+01 -5.690727970712823082e-03 1.403138086162322024e-02 -3.382671877620000572e-02 5.961876669778428095e+02 5.992759495226546562e+01 1.021314133618423057e+03
4.033469676971435547e+00 5.962703455836976900e+02 5.983567461587063008e+01 2.139919592833035011e+01 -8.318287642800343065e-03 1.086153411734924398e-02 -3.439420326406842504e-02 5.961876669778428095e+02 5.992759495226546562e+01 1.021314133618423057e+03
4.066467523574829102e+00 5.962279306588601457e+02 5.986411671883448093e+01 2.135719211781328752e+01 -5.735263018910828625e-03 1.385500740502756782e-02 -3.408124586924637239e-02 5.961876669778428095e+02 5.992759495226546562e+01 1.021314133618423057e+03
4.099879264831542969e+00 5.961753793892236217e+02 5.987989957141792985e+01 2.132713184444185472e+01 -4.880844101990538912e-03 1.319985574956114745e-02 -3.558619141241771422e-02 5.961876669778428095e+02 5.992759495226546562e+01 1.021314133618423057e+03
4.133107900619506836e+00 5.961981848994961410e+02 5.988271900165172212e+01 2.130933272421641433e+01 -5.892136155501411302e-03 1.403307357601760001e-02 -3.481955695605969126e-02 5.961876669778428095e+02 5.992759495226546562e+01 1.021314133618423057e+03
4.166450500488281250e+00 5.961880657367009917e+02 5.988891333133005190e+01 2.131296829656930569e+01 -4.676190906980736382e-03 1.372758409980578097e-02 -3.515200269734675143e-02 5.961876669778428095e+02 5.992759495226546562e+01 1.021314133618423057e+03
4.199847698211669922e+00 5.962322513969957072e+02 5.985140882802925688e+01 2.135158125172339538e+01 -5.711402496764483687e-03 1.380935378517488508e-02 -3.430856278517512709e-02 5.961876669778428095e+02 5.992759495226546562e+01 1.021314133618423057e+03
4.233168601989746094e+00 5.962191884269714137e+02 5.985586904963654575e+01 2.133142160672960230e+01 -5.996951004542993950e-03 1.354648343950839127e-02 -3.467984873078767266e-02 5.961876669778428095e+02 5.992759495226546562e+01 1.021314133618423057e+03
4.266478538513183594e+00 5.962049941098945283e+02 5.983982273742287816e+01 2.120845253490711357e+01 -8.857725022285030045e-03 1.481533935074458470e-02 -3.459016703539214560e-02 5.961876669778428095e+02 5.992759495226546562e+01 1.021314133618423057e+03
4.299854040145874023e+00 5.961813471952851842e+02 5.985743155800083315e+01 2.118025126970310978e+01 -7.759424793558592978e-03 1.538730510735408438e-02 -3.534835956142899638e-02 5.961876669778428095e+02 5.992759495226546562e+01 1.021314133618423057e+03
4.332870721817016602e+00 5.962294588068501753e+02 5.991765489323081084e+01 2.128899204563915504e+01 -4.174295959619608344e-03 1.427216046227460823e-02 -3.434535210319947934e-02 5.961876669778428095e+02 5.992759495226546562e+01 1.021314133618423057e+03
4.366535902023315430e+00 5.962296885730229405e+02 5.988576074557884965e+01 2.133421692739358022e+01 -5.697029779895113923e-03 1.319673952136831904e-02 -3.468033381014739430e-02 5.961876669778428095e+02 5.992759495226546562e+01 1.021314133618423057e+03
4.399808168411254883e+00 5.961676855955277006e+02 5.983310702451390029e+01 2.136729389519976152e+01 -5.454179741642827851e-03 1.431074580968593433e-02 -3.475282752093173527e-02 5.961876669778428095e+02 5.992759495226546562e+01 1.021314133618423057e+03
4.433182477951049805e+00 5.962495447422505777e+02 5.989496339215955345e+01 2.133688057927555448e+01 -5.762579983813057374e-03 1.339977474734072374e-02 -3.450222150006367755e-02 5.961876669778428095e+02 5.992759495226546562e+01 1.021314133618423057e+03
4.466470479965209961e+00 5.961961089707717747e+02 5.984989919141543879e+01 2.138581978422024221e+01 -6.049069807855814163e-03 1.443955587761902061e-02 -3.468585108421676222e-02 5.961876669778428095e+02 5.992759495226546562e+01 1.021314133618423057e+03
4.499613761901855469e+00 5.962501832091032838e+02 5.982143141231445327e+01 2.135797192275289902e+01 -5.630925590452618389e-03 1.350963530004091820e-02 -3.511346758292580722e-02 5.961876669778428095e+02 5.992759495226546562e+01 1.021314133618423057e+03
4.533476114273071289e+00 5.962232350344772840e+02 5.986278399861122779e+01 2.135857190630261471e+01 -5.933126993005276469e-03 1.401991783989331615e-02 -3.417923502274156783e-02 5.961876669778428095e+02 5.992759495226546562e+01 1.021314133618423057e+03
4.566482543945312500e+00 5.962328428735863781e+02 5.987362606731643666e+01 2.136292216480708106e+01 -5.374458410244266869e-03 1.399003586640935708e-02 -3.415348741186469139e-02 5.961876669778428095e+02 5.992759495226546562e+01 1.021314133618423057e+03
4.599621057510375977e+00 5.962644251664294188e+02 5.988131543144345414e+01 2.129968748104696630e+01 -5.817318299130119254e-03 1.301022573907444080e-02 -3.458721448196936527e-02 5.961876669778428095e+02 5.992759495226546562e+01 1.021314133618423057e+03
4.633313894271850586e+00 5.962126897765533613e+02 5.989577638687693906e+01 2.135315577638237627e+01 -5.337822722660899750e-03 1.447277076595974293e-02 -3.357146171750124974e-02 5.961876669778428095e+02 5.992759495226546562e+01 1.021314133618423057e+03
4.666476488113403320e+00 5.962078554803883890e+02 5.988453806371514077e+01 2.132314417601873657e+01 -6.078595026986639491e-03 1.479178957013791915e-02 -3.345963837151422204e-02 5.961876669778428095e+02 5.992759495226546562e+01 1.021314133618423057e+03
4.699921131134033203e+00 5.962352595399150914e+02 5.988525610473524807e+01 2.131464787234180491e+01 -5.399882054329827909e-03 1.422244029114604763e-02 -3.387079282786389922e-02 5.961876669778428095e+02 5.992759495226546562e+01 1.021314133618423057e+03
4.733243703842163086e+00 5.962247094610099793e+02 5.987773059959383204e+01 2.131638236902417560e+01 -5.840343394735153862e-03 1.455757674662569445e-02 -3.347437134790217511e-02 5.961876669778428095e+02 5.992759495226546562e+01 1.021314133618423057e+03
4.766475439071655273e+00 5.962102368052557040e+02 5.988063793223732034e+01 2.133340754295214126e+01 -5.396642564456948302e-03 1.453208928570287432e-02 -3.345767811587261470e-02 5.961876669778428095e+02 5.992759495226546562e+01 1.021314133618423057e+03
4.799920082092285156e+00 5.962224945835666858e+02 5.987776868025957100e+01 2.133122597872324988e+01 -5.538442036595269541e-03 1.440282860090544466e-02 -3.350717537059417356e-02 5.961876669778428095e+02 5.992759495226546562e+01 1.021314133618423057e+03
4.833177328109741211e+00 5.962238793696178618e+02 5.986916351547428405e+01 2.132934146751536275e+01 -5.411813194164807189e-03 1.437009107991469789e-02 -3.352674190414016431e-02 5.961876669778428095e+02 5.992759495226546562e+01 1.021314133618423057e+03
4.866608858108520508e+00 5.962230845762493345e+02 5.985145569695404788e+01 2.134261065878522245e+01 -5.586497392281508656e-03 1.443547764081944129e-02 -3.357673391342200220e-02 5.961876669778428095e+02 5.992759495226546562e+01 1.021314133618423057e+03
4.899941205978393555e+00 5.962158964429102070e+02 5.987020362198072121e+01 2.133658377050775812e+01 -5.735705104593832523e-03 1.430527262163880549e-02 -3.343342107153940423e-02 5.961876669778428095e+02 5.992759495226546562e+01 1.021314133618423057e+03
4.933208942413330078e+00 5.962298892721546508e+02 5.986996217966532186e+01 2.132068731916951521e+01 -6.192610728756976941e-03 1.386187910892587929e-02 -3.368597817424771185e-02 5.961876669778428095e+02 5.992759495226546562e+01 1.021314133618423057e+03
4.966365098953247070e+00 5.962201066965413929e+02 5.986536983964249004e+01 2.133669641269328565e+01 -5.500737435497745839e-03 1.432260599105060310e-02 -3.342136300403433097e-02 5.961876669778428095e+02 5.992759495226546562e+01 1.021314133618423057e+03
4.999753236770629883e+00 5.961604845478003654e+02 5.987428768758402242e+01 2.128760917723031554e+01 -4.956422755488834077e-03 1.413423126895399506e-02 -3.419038028075045699e-02 5.961876669778428095e+02 5.992759495226546562e+01 1.021314133618423057e+03
5.033130645751953125e+00 5.961703258203306177e+02 5.985125265619439006e+01 2.128653700107283342e+01 -4.900518136270740760e-03 1.404572723540450929e-02 -3.424764125963684902e-02 5.961876669778428095e+02 5.992759495226546562e+01 1.021314133618423057e+03
5.067357540130615234e+00 5.961555299721841266e+02 5.987961682580353084e+01 2.129877462804750365e+01 -4.741711928652826528e-03 1.432439518612996579e-02 -3.416453475869039164e-02 5.961876669778428095e+02 5.992759495226546562e+01 1.021314133618423057e+03
5.100214719772338867e+00 5.962113849107662418e+02 5.988577248515211693e+01 2.129289684124716686e+01 -6.528109510646055644e-03 1.417626305813588124e-02 -3.363163385421320123e-02 5.961876669778428095e+02 5.992759495226546562e+01 1.021314133618423057e+03
5.133625030517578125e+00 5.961715388042155155e+02 5.988368260905935614e+01 2.128243846269152684e+01 -5.353623590495998515e-03 1.393087001390714771e-02 -3.405486463867449243e-02 5.961876669778428095e+02 5.992759495226546562e+01 1.021314133618423057e+03
5.166725158691406250e+00 5.961731510896738655e+02 5.987626602171597767e+01 2.130028790564551500e+01 -5.121286375870199616e-03 1.439674212398652474e-02 -3.385589497443412116e-02 5.961876669778428095e+02 5.992759495226546562e+01 1.021314133618423057e+03
5.199977874755859375e+00 5.961923964193709935e+02 5.987707589352731929e+01 2.130015902489211754e+01 -5.225785395840457787e-03 1.424656861430763713e-02 -3.404331044992232186e-02 5.961876669778428095e+02 5.992759495226546562e+01 1.021314133618423057e+03
5.233311414718627930e+00 5.961955510006860095e+02 5.986994058767173499e+01 2.131725294413887895e+01 -5.077721160603595844e-03 1.439581621181004571e-02 -3.382071280662213991e-02 5.961876669778428095e+02 5.992759495226546562e+01 1.021314133618423057e+03
5.267179489135742188e+00 5.961928848425526439e+02 5.986529451349701958e+01 2.132216624803448113e+01 -5.098744016866090661e-03 1.431290683196558174e-02 -3.383000913339239552e-02 5.961876669778428095e+02 5.992759495226546562e+01 1.021314133618423057e+03
5.300120592117309570e+00 5.961932055222068811e+02 5.987471016147767244e+01 2.131887654225817741e+01 -5.058225756047054350e-03 1.452208734731711900e-02 -3.380960396594660106e-02 5.961876669778428095e+02 5.992759495226546562e+01 1.021314133618423057e+03
5.333379507064819336e+00 5.962114243085250109e+02 5.987056558916521709e+01 2.130821308512650702e+01 -5.344460528424216372e-03 1.409904103977994115e-02 -3.405980404006504064e-02 5.961876669778428095e+02 5.992759495226546562e+01 1.021314133618423057e+03
5.366704225540161133e+00 5.961999013150435758e+02 5.986884685240887904e+01 2.131628996241482810e+01 -5.126491877037230548e-03 1.453109242165811880e-02 -3.383561487597146894e-02 5.961876669778428095e+02 5.992759495226546562e+01 1.021314133618423057e+03
5.399837970733642578e+00 5.961916132662005339e+02 5.988121027964496079e+01 2.128906141107501782e+01 -5.782869631959797370e-03 1.447905464501305847e-02 -3.369725203562078802e-02 5.961876669778428095e+02 5.992759495226546562e+01 1.021314133618423057e+03
5.433215379714965820e+00 5.962058630488821791e+02 5.985664951221518493e+01 2.131702367327270764e+01 -5.262902364685574999e-03 1.417986836480930428e-02 -3.392305264146384947e-02 5.961876669778428095e+02 5.992759495226546562e+01 1.021314133618423057e+03
5.466492891311645508e+00 5.961916973614307835e+02 5.987347840843868596e+01 2.130468383328649651e+01 -5.337706869025408279e-03 1.412247189185811269e-02 -3.391393960537342211e-02 5.961876669778428095e+02 5.992759495226546562e+01 1.021314133618423057e+03
5.499718427658081055e+00 5.961884481588234621e+02 5.988834947670769537e+01 2.128390415185944207e+01 -5.763572779552596746e-03 1.436936379373500959e-02 -3.370567997660350174e-02 5.961876669778428095e+02 5.992759495226546562e+01 1.021314133618423057e+03
5.533211469650268555e+00 5.962023607582509612e+02 5.985847641054044743e+01 2.130204180539126924e+01 -5.490631279890740950e-03 1.417889466011558117e-02 -3.369603195342989188e-02 5.961876669778428095e+02 5.992759495226546562e+01 1.021314133618423057e+03
5.566623687744140625e+00 5.961982786511000540e+02 5.986205157471949434e+01 2.131603982223426286e+01 -5.349108780005460383e-03 1.412812120063118050e-02 -3.400915402437741653e-02 5.961876669778428095e+02 5.992759495226546562e+01 1.021314133618423057e+03
5.600117921829223633e+00 5.962328832522276798e+02 5.986931356922990233e+01 2.136585440310811279e+01 -7.881658167122763264e-03 1.159473351330666049e-02 -3.367719910645640413e-02 5.961876669778428095e+02 5.992759495226546562e+01 1.021314133618423057e+03
5.633227348327636719e+00 5.962079642230384025e+02 5.986686117352504510e+01 2.131979259886713862e+01 -5.284001090176836460e-03 1.443833893023965462e-02 -3.388138046893367922e-02 5.961876669778428095e+02 5.992759495226546562e+01 1.021314133618423057e+03
5.666731595993041992e+00 5.961852807316095095e+02 5.987188117857816394e+01 2.131633111977755135e+01 -5.141162803113702613e-03 1.430454243263663827e-02 -3.383559453439795306e-02 5.961876669778428095e+02 5.992759495226546562e+01 1.021314133618423057e+03
5.700121164321899414e+00 5.961894152955821937e+02 5.987264841021531936e+01 2.131980185321623011e+01 -5.256091444614413924e-03 1.429175124754182916e-02 -3.384019375810799757e-02 5.961876669778428095e+02 5.992759495226546562e+01 1.021314133618423057e+03
5.733302593231201172e+00 5.961830645846483776e+02 5.988629002506139898e+01 2.130320222930663832e+01 -5.520852751772462562e-03 1.425952764805804920e-02 -3.377202160124061908e-02 5.961876669778428095e+02 5.992759495226546562e+01 1.021314133618423057e+03
5.766705036163330078e+00 5.961862537582603636e+02 5.988846938598841518e+01 2.131174216105502950e+01 -5.326128596006870879e-03 1.420065869506668098e-02 -3.381260587409762319e-02 5.961876669778428095e+02 5.992759495226546562e+01 1.021314133618423057e+03
5.800009250640869141e+00 5.961943494704008799e+02 5.986760564587494571e+01 2.129987215691172153e+01 -5.708022910645181754e-03 1.415528276400148180e-02 -3.399245187541003604e-02 5.961876669778428095e+02 5.992759495226546562e+01 1.021314133618423057e+03
5.833246707916259766e+00 5.961874085659360389e+02 5.986579256302810848e+01 2.129120693966812539e+01 -5.941620888222740038e-03 1.399909049306952494e-02 -3.386575416472640404e-02 5.961876669778428095e+02 5.992759495226546562e+01 1.021314133618423057e+03
5.866701364517211914e+00 5.961866275956397203e+02 5.985065226025209739e+01 2.130629581405863249e+01 -5.833279535627591134e-03 1.395871180037997969e-02 -3.388790010156882831e-02 5.961876669778428095e+02 5.992759495226546562e+01 1.021314133618423057e+03
5.900146961212158203e+00 5.961948674675634265e+02 5.987348716665174919e+01 2.127393046691584999e+01 -5.836794122768903734e-03 1.409559792792343912e-02 -3.396907269372527460e-02 5.961876669778428095e+02 5.992759495226546562e+01 1.021314133618423057e+03
5.933269739151000977e+00 5.961886121422401175e+02 5.988251691987154857e+01 2.128355104097980544e+01 -5.938592175928478732e-03 1.383340830220675631e-02 -3.403589981468221892e-02 5.961876669778428095e+02 5.992759495226546562e+01 1.021314133618423057e+03
5.966698884963989258e+00 5.961820985189309567e+02 5.986557207593823904e+01 2.130839904073474855e+01 -5.173279090919214243e-03 1.431232275889883152e-02 -3.371424291780633631e-02 5.961876669778428095e+02 5.992759495226546562e+01 1.021314133618423057e+03
6.000101089477539062e+00 5.961889033770941069e+02 5.988063184257067206e+01 2.128794776501863240e+01 -5.462509760438096114e-03 1.456497666460823855e-02 -3.366008535989781919e-02 5.961876669778428095e+02 5.992759495226546562e+01 1.021314133618423057e+03
6.033402204513549805e+00 5.962065758034743794e+02 5.988243725711918586e+01 2.129859271681115729e+01 -5.414416183566164893e-03 1.447037866402920391e-02 -3.371778176604627031e-02 5.961876669778428095e+02 5.992759495226546562e+01 1.021314133618423057e+03
6.066403388977050781e+00 5.961975009787373665e+02 5.987282552867266361e+01 2.129781210166936134e+01 -5.433342185150365385e-03 1.409175627793472427e-02 -3.391116621451146368e-02 5.961876669778428095e+02 5.992759495226546562e+01 1.021314133618423057e+03
6.100390195846557617e+00 5.961828211280048890e+02 5.988589273371270849e+01 2.130668921035823971e+01 -5.220270547485717297e-03 1.439772063555984534e-02 -3.374804920926198493e-02 5.961876669778428095e+02 5.992759495226546562e+01 1.021314133618423057e+03
6.133815526962280273e+00 5.961951566119477093e+02 5.987283511356835675e+01 2.129672214111290174e+01 -5.707107920267351364e-03 1.402498053372212838e-02 -3.386556440768569848e-02 5.961876669778428095e+02 5.992759495226546562e+01 1.021314133618423057e+03
6.167405128479003906e+00 5.961879760072685031e+02 5.988268124057590569e+01 2.129615823504019900e+01 -5.670655222564440975e-03 1.437459754851007007e-02 -3.381418187381446394e-02 5.961876669778428095e+02 5.992759495226546562e+01 1.021314133618423057e+03
6.200110673904418945e+00 5.961835626110610065e+02 5.989255416690185285e+01 2.129118277855367225e+01 -5.372243134189347638e-03 1.468183573752158966e-02 -3.384498827616616579e-02 5.961876669778428095e+02 5.992759495226546562e+01 1.021314133618423057e+03
6.233428716659545898e+00 5.961984723204460579e+02 5.988615749461077087e+01 2.128000272069582977e+01 -5.386146122442928702e-03 1.429140286119905991e-02 -3.401027455371689878e-02 5.961876669778428095e+02 5.992759495226546562e+01 1.021314133618423057e+03
6.266774415969848633e+00 5.962117127420121960e+02 5.987023715945858982e+01 2.132686149009207099e+01 -8.024718592436107245e-03 1.126450154253397749e-02 -3.364214166888234575e-02 5.961876669778428095e+02 5.992759495226546562e+01 1.021314133618423057e+03
6.300058841705322266e+00 5.961755337164597677e+02 5.987360155301173137e+01 2.129819061138642411e+01 -5.068394387274865326e-03 1.441732712556620041e-02 -3.376498787706804644e-02 5.961876669778428095e+02 5.992759495226546562e+01 1.021314133618423057e+03
6.333427667617797852e+00 5.961804780583821639e+02 5.988564328734247511e+01 2.127899364458301434e+01 -5.532573609405626487e-03 1.447252359740473608e-02 -3.392741051021269660e-02 5.961876669778428095e+02 5.992759495226546562e+01 1.021314133618423057e+03
6.366712331771850586e+00 5.962130418452293270e+02 5.987731274151781236e+01 2.133846650545296697e+01 -8.030587197565245902e-03 1.164740076576531447e-02 -3.362934557011194175e-02 5.961876669778428095e+02 5.992759495226546562e+01 1.021314133618423057e+03
6.400061368942260742e+00 5.961845900700096763e+02 5.988740225346520418e+01 2.129045243612573657e+01 -5.680964800647143355e-03 1.394024590560593094e-02 -3.414961978199290704e-02 5.961876669778428095e+02 5.992759495226546562e+01 1.021314133618423057e+03
6.433247804641723633e+00 5.961923365815862326e+02 5.988980654102672929e+01 2.128410658247077336e+01 -5.459853878017506545e-03 1.441582837363135881e-02 -3.391390498851629132e-02 5.961876669778428095e+02 5.992759495226546562e+01 1.021314133618423057e+03
6.466674566268920898e+00 5.962028029773556455e+02 5.988324493122637904e+01 2.133832919338273015e+01 -8.372727846117139841e-03 1.118015503433876685e-02 -3.382134700844621061e-02 5.961876669778428095e+02 5.992759495226546562e+01 1.021314133618423057e+03
6.500064849853515625e+00 5.961975765704225978e+02 5.987842332890370756e+01 2.128458464104013359e+01 -5.584634854429008227e-03 1.442665368111129519e-02 -3.384588927664368418e-02 5.961876669778428095e+02 5.992759495226546562e+01 1.021314133618423057e+03
6.533403158187866211e+00 5.961955944370419047e+02 5.986874453900379933e+01 2.130728287214658323e+01 -5.223304771124304829e-03 1.415964953446582561e-02 -3.392106781704006674e-02 5.961876669778428095e+02 5.992759495226546562e+01 1.021314133618423057e+03
6.566710472106933594e+00 5.961852570170037779e+02 5.988013133439386593e+01 2.130086203772991382e+01 -5.077548454183934690e-03 1.432929407796638445e-02 -3.398667159296664408e-02 5.961876669778428095e+02 5.992759495226546562e+01 1.021314133618423057e+03
6.600146770477294922e+00 5.961911152705755512e+02 5.986988100651949196e+01 2.130676506549650284e+01 -5.275032574593606013e-03 1.430960580166137919e-02 -3.382000572333596772e-02 5.961876669778428095e+02 5.992759495226546562e+01 1.021314133618423057e+03
6.633418798446655273e+00 5.961865326840612624e+02 5.987353733496734520e+01 2.129391003138331229e+01 -5.866525390540228667e-03 1.437669865749499967e-02 -3.400108433462366297e-02 5.961876669778428095e+02 5.992759495226546562e+01 1.021314133618423057e+03
6.666214704513549805e+00 5.962094496670896433e+02 5.987871033082437577e+01 2.135260553915813730e+01 -7.355989796010303956e-03 1.196399847927414814e-02 -3.380180643371077931e-02 5.961876669778428095e+02 5.992759495226546562e+01 1.021314133618423057e+03
6.700107336044311523e+00 5.961854210407751680e+02 5.986777670143561636e+01 2.129575459607800880e+01 -5.176923679036709615e-03 1.436569640542427299e-02 -3.367788386394319350e-02 5.961876669778428095e+02 5.992759495226546562e+01 1.021314133618423057e+03
6.733395814895629883e+00 5.961874564078271987e+02 5.987491307366401827e+01 2.129987332890741314e+01 -5.301715711685711478e-03 1.424307804539933636e-02 -3.391105669228240693e-02 5.961876669778428095e+02 5.992759495226546562e+01 1.021314133618423057e+03
6.766411542892456055e+00 5.961835459251487919e+02 5.988069472491573464e+01 2.129792787978091084e+01 -5.360247974422263639e-03 1.410384202808778915e-02 -3.381620109558983872e-02 5.961876669778428095e+02 5.992759495226546562e+01 1.021314133618423057e+03
6.799821615219116211e+00 5.961960310318646634e+02 5.986604502005366868e+01 2.129888765150810670e+01 -5.462870940577759654e-03 1.403894938373605530e-02 -3.388446822767225697e-02 5.961876669778428095e+02 5.992759495226546562e+01 1.021314133618423057e+03
6.833134651184082031e+00 5.961862403928402045e+02 5.989061925677875564e+01 2.128519556218658693e+01 -5.517678866500431122e-03 1.441676221213561253e-02 -3.367587159601429653e-02 5.961876669778428095e+02 5.992759495226546562e+01 1.021314133618423057e+03
6.866511821746826172e+00 5.961887814798011505e+02 5.986944163101005500e+01 2.131588406547109571e+01 -5.185842276027047108e-03 1.452993187498233946e-02 -3.388685393089822112e-02 5.961876669778428095e+02 5.992759495226546562e+01 1.021314133618423057e+03
6.900188922882080078e+00 5.962156885417435888e+02 5.987627052013592532e+01 2.128765431827967092e+01 -5.593725276012134935e-03 1.390911967893499433e-02 -3.403925046928112791e-02 5.961876669778428095e+02 5.992759495226546562e+01 1.021314133618423057e+03
6.933753013610839844e+00 5.961976644912286929e+02 5.987114361043593647e+01 2.130968249034874162e+01 -5.508571876433227509e-03 1.422417406715155083e-02 -3.379820581014066766e-02 5.961876669778428095e+02 5.992759495226546562e+01 1.021314133618423057e+03
6.966656208038330078e+00 5.961994969751474400e+02 5.986886431537737252e+01 2.132490323985632585e+01 -5.118958144169344707e-03 1.444143513577358581e-02 -3.370166528595366917e-02 5.961876669778428095e+02 5.992759495226546562e+01 1.021314133618423057e+03
7.000048875808715820e+00 5.962014786066738452e+02 5.988873389733279140e+01 2.128516905048770269e+01 -5.517790122659884701e-03 1.435989754200283665e-02 -3.384039500786642507e-02 5.961876669778428095e+02 5.992759495226546562e+01 1.021314133618423057e+03
7.033317804336547852e+00 5.961967539317176943e+02 5.987208781997603779e+01 2.131436289925856897e+01 -5.112491031216768143e-03 1.434143326694934696e-02 -3.386902332285968847e-02 5.961876669778428095e+02 5.992759495226546562e+01 1.021314133618423057e+03
7.066720485687255859e+00 5.962029972133701676e+02 5.987645591523909161e+01 2.128022595715246013e+01 -5.739612160091761735e-03 1.453443338691767610e-02 -3.374718602811715984e-02 5.961876669778428095e+02 5.992759495226546562e+01 1.021314133618423057e+03
7.100102424621582031e+00 5.962227360606291313e+02 5.987807774798718441e+01 2.133865097537653099e+01 -8.163322306042454166e-03 1.146147607820538310e-02 -3.361294051835000268e-02 5.961876669778428095e+02 5.992759495226546562e+01 1.021314133618423057e+03
7.133639335632324219e+00 5.962124309360175403e+02 5.987619477098395038e+01 2.129367221377717101e+01 -5.506698773039931522e-03 1.441568320211730238e-02 -3.387625869414502555e-02 5.961876669778428095e+02 5.992759495226546562e+01 1.021314133618423057e+03
7.167041301727294922e+00 5.962106107385739051e+02 5.987683199725127281e+01 2.131068101030041007e+01 -5.267860947474647428e-03 1.426428289389281186e-02 -3.389414162437608125e-02 5.961876669778428095e+02 5.992759495226546562e+01 1.021314133618423057e+03
7.199997186660766602e+00 5.962154578257618596e+02 5.986061208295669189e+01 2.130065725376088182e+01 -5.333500597143989337e-03 1.419333139481980012e-02 -3.379352518994997723e-02 5.961876669778428095e+02 5.992759495226546562e+01 1.021314133618423057e+03
7.233442306518554688e+00 5.962118734078565012e+02 5.985850757444186598e+01 2.130489898656868419e+01 -5.230198841476487587e-03 1.450879892543563421e-02 -3.373498383105850290e-02 5.961876669778428095e+02 5.992759495226546562e+01 1.021314133618423057e+03
7.266790151596069336e+00 5.962041764230623357e+02 5.987884991427131354e+01 2.130806831986429373e+01 -5.224346610137245786e-03 1.431112237499644960e-02 -3.381105894382704924e-02 5.961876669778428095e+02 5.992759495226546562e+01 1.021314133618423057e+03
7.300102233886718750e+00 5.961996797224106786e+02 5.987280684375785000e+01 2.131461932324056363e+01 -5.172759513421980142e-03 1.448752671853209897e-02 -3.374389548867914868e-02 5.961876669778428095e+02 5.992759495226546562e+01 1.021314133618423057e+03
7.333430767059326172e+00 5.962084491127491219e+02 5.987335579775025707e+01 2.130799555743325868e+01 -5.458083748072020853e-03 1.417089561021952528e-02 -3.383945593113463213e-02 5.961876669778428095e+02 5.992759495226546562e+01 1.021314133618423057e+03
7.366741180419921875e+00 5.961938289262369608e+02 5.987135139915631754e+01 2.131417156389311884e+01 -5.235092644713308999e-03 1.431495249098257982e-02 -3.380174947526773388e-02 5.961876669778428095e+02 5.992759495226546562e+01 1.021314133618423057e+03
7.400066852569580078e+00 5.962017768119745824e+02 5.986729063507254978e+01 2.127404991309352766e+01 -6.189110646870851426e-03 1.414520699626758624e-02 -3.378466317661033697e-02 5.961876669778428095e+02 5.992759495226546562e+01 1.021314133618423057e+03
7.433261156082153320e+00 5.961809667518164133e+02 5.987965237143019692e+01 2.128879651316987065e+01 -5.550221528338119929e-03 1.448672644247624847e-02 -3.372621986577583469e-02 5.961876669778428095e+02 5.992759495226546562e+01 1.021314133618423057e+03
7.466648578643798828e+00 5.962174988446779480e+02 5.988869977932895949e+01 2.135337937224942095e+01 -7.866439591421206523e-03 1.145199022116994911e-02 -3.363290601847121475e-02 5.961876669778428095e+02 5.992759495226546562e+01 1.021314133618423057e+03
7.500079393386840820e+00 5.962056836968116613e+02 5.986212709746055083e+01 2.130811144424622583e+01 -5.263447897018589706e-03 1.437263340435092178e-02 -3.376387993411516381e-02 5.961876669778428095e+02 5.992759495226546562e+01 1.021314133618423057e+03
7.533293247222900391e+00 5.962014378784130031e+02 5.986892085998545099e+01 2.129986425137356321e+01 -5.217847147394979318e-03 1.440445859176447442e-02 -3.383393358234227516e-02 5.961876669778428095e+02 5.992759495226546562e+01 1.021314133618423057e+03
7.566646099090576172e+00 5.962136460448423350e+02 5.987358984402015238e+01 2.133508609307479276e+01 -8.069533262104432170e-03 1.183580834663530874e-02 -3.339533876048501881e-02 5.961876669778428095e+02 5.992759495226546562e+01 1.021314133618423057e+03
7.600024223327636719e+00 5.961912609884370795e+02 5.988036039643043296e+01 2.129132030423854260e+01 -5.692046483656104834e-03 1.408697194467758984e-02 -3.390064495001193084e-02 5.961876669778428095e+02 5.992759495226546562e+01 1.021314133618423057e+03
7.633240938186645508e+00 5.962065446364797481e+02 5.988828990902100458e+01 2.129411661575081993e+01 -5.644392879528837594e-03 1.433239642989608993e-02 -3.376807312387341414e-02 5.961876669778428095e+02 5.992759495226546562e+01 1.021314133618423057e+03
7.666728496551513672e+00 5.961949051631502243e+02 5.988778081999074487e+01 2.129263176000301172e+01 -5.629007402572541383e-03 1.421314475386357447e-02 -3.367476757429990752e-02 5.961876669778428095e+02 5.992759495226546562e+01 1.021314133618423057e+03
7.699630022048950195e+00 5.962277839505152315e+02 5.987316057452086682e+01 2.133797163455486512e+01 -8.117684323258975154e-03 1.132082087930290533e-02 -3.357919236876651808e-02 5.961876669778428095e+02 5.992759495226546562e+01 1.021314133618423057e+03
7.733415603637695312e+00 5.962026999642629335e+02 5.986195056572369566e+01 2.131883253648186738e+01 -4.937924852004834525e-03 1.434566209358523192e-02 -3.391286219467338353e-02 5.961876669778428095e+02 5.992759495226546562e+01 1.021314133618423057e+03
7.766793012619018555e+00 5.962135630842906266e+02 5.988807884860341346e+01 2.134374111645777461e+01 -8.138429635148138053e-03 1.165428828500950087e-02 -3.354512445412444893e-02 5.961876669778428095e+02 5.992759495226546562e+01 1.021314133618423057e+03
7.800242900848388672e+00 5.962308700255151734e+02 5.987640563566099416e+01 2.134573586361968012e+01 -7.964892165379763161e-03 1.134002324241263800e-02 -3.342863132008002530e-02 5.961876669778428095e+02 5.992759495226546562e+01 1.021314133618423057e+03
7.833213090896606445e+00 5.961987296708443864e+02 5.986954718995079361e+01 2.130329565802147584e+01 -5.300700311537414125e-03 1.421819317376677230e-02 -3.376439366480436105e-02 5.961876669778428095e+02 5.992759495226546562e+01 1.021314133618423057e+03
7.866770267486572266e+00 5.961917502897806571e+02 5.987567929540212219e+01 2.128952804029162138e+01 -5.477669923052522552e-03 1.474209583910934991e-02 -3.349554961362161132e-02 5.961876669778428095e+02 5.992759495226546562e+01 1.021314133618423057e+03
7.900135993957519531e+00 5.962033052081981168e+02 5.987333837496160527e+01 2.128367398105868702e+01 -5.851755121625214391e-03 1.434337404067771368e-02 -3.368605901471886238e-02 5.961876669778428095e+02 5.992759495226546562e+01 1.021314133618423057e+03
7.933159112930297852e+00 5.962392207954742389e+02 5.986516088830536120e+01 2.132695298001130269e+01 -5.531143676520888439e-03 1.430863844945635087e-02 -3.357028397364512917e-02 5.961876669778428095e+02 5.992759495226546562e+01 1.021314133618423057e+03
7.966495990753173828e+00 5.962277156256236594e+02 5.986278147173822362e+01 2.132663612725156810e+01 -5.715520025918657820e-03 1.403666473141167853e-02 -3.360313765531253161e-02 5.961876669778428095e+02 5.992759495226546562e+01 1.021314133618423057e+03
7.999830961227416992e+00 5.962318444193879259e+02 5.986836627047859594e+01 2.133286371812771876e+01 -8.548385614143897554e-03 1.118184944718900349e-02 -3.374053330689525537e-02 5.961876669778428095e+02 5.992759495226546562e+01 1.021314133618423057e+03
8.033139705657958984e+00 5.962008523510102123e+02 5.986653976227876228e+01 2.130016304359863000e+01 -5.557176983894516684e-03 1.433559443382385890e-02 -3.381060397565703590e-02 5.961876669778428095e+02 5.992759495226546562e+01 1.020917419457223787e+03
8.066411733627319336e+00 5.961995977707076690e+02 5.987026860582125209e+01 2.129404258212104750e+01 -5.590627660525579468e-03 1.411813111214088243e-02 -3.389753739779478858e-02 5.961876669778428095e+02 5.992759495226546562e+01 1.019735796066884063e+03
8.099881887435913086e+00 5.962047884884711948e+02 5.986684677257700571e+01 2.131706224999685517e+01 -5.592561787586233443e-03 1.409288779862991926e-02 -3.389388289240383156e-02 5.961876669778428095e+02 5.992759495226546562e+01 1.017777822296297131e+03
8.133178710937500000e+00 5.962137525509701845e+02 5.986349287734171298e+01 2.129689309721127799e+01 -5.931445268131023060e-03 1.396310211981108100e-02 -3.397838931202055296e-02 5.961876669778428095e+02 5.992759495226546562e+01 1.015086896839359952e+03
8.166333675384521484e+00 5.961924990199207741e+02 5.987144503036944343e+01 2.131716799921722938e+01 -5.059237626543935072e-03 1.449847162540845828e-02 -3.390282351192829696e-02 5.961876669778428095e+02 5.992759495226546562e+01 1.011693298590053132e+03
8.199822187423706055e+00 5.961762041522650861e+02 5.986680924633959933e+01 2.132026794420714211e+01 -4.842001351559975866e-03 1.438897083724272052e-02 -3.391784560831038325e-02 5.961876669778428095e+02 5.992759495226546562e+01 1.007564745947735105e+03
8.233290672302246094e+00 5.961867233737394827e+02 5.987348156941677502e+01 2.129082856724048156e+01 -5.797972592355862473e-03 1.377339636597473341e-02 -3.421113050770193537e-02 5.961876669778428095e+02 5.992759495226546562e+01 1.002757692746415387e+03
8.266605377197265625e+00 5.961728554034148146e+02 5.987352756324638392e+01 2.128256596101620346e+01 -5.061225041750347028e-03 1.407520064836799770e-02 -3.402642327684452656e-02 5.961876669778428095e+02 5.992759495226546562e+01 9.973192388263920520e+02
8.300025224685668945e+00 5.961748555789827151e+02 5.987381439134111361e+01 2.128076985506418595e+01 -4.867987839647972513e-03 1.417541980927525258e-02 -3.428493856492827174e-02 5.961876669778428095e+02 5.992759495226546562e+01 9.912311802819492641e+02
8.333410978317260742e+00 5.961562820466081121e+02 5.988050586530557950e+01 2.127625867679667238e+01 -4.637041330553978886e-03 1.428341954160732008e-02 -3.420142695207196298e-02 5.961876669778428095e+02 5.992759495226546562e+01 9.845394791832175088e+02
8.366604804992675781e+00 5.962133705121385674e+02 5.985111884938577731e+01 2.132613174712852810e+01 -5.247769157764414598e-03 1.440742527419675706e-02 -3.358792997532898672e-02 5.961876669778428095e+02 5.992759495226546562e+01 9.773043326159834123e+02
8.399995803833007812e+00 5.962341924177065948e+02 5.987385962567453390e+01 2.134348167483850034e+01 -8.141904404955572702e-03 1.198107482180715833e-02 -3.305187042156320504e-02 5.961876669778428095e+02 5.992759495226546562e+01 9.694633016639910466e+02
8.433284759521484375e+00 5.962395812480791619e+02 5.986762301700176891e+01 2.135726571233479376e+01 -7.999232644402371958e-03 1.177305108535322761e-02 -3.316583150048230122e-02 5.961876669778428095e+02 5.992759495226546562e+01 9.611066953071469925e+02
8.466535329818725586e+00 5.962152137216501160e+02 5.987709957121217030e+01 2.130785079320766329e+01 -5.613702716784759947e-03 1.419191555737213395e-02 -3.352388690926267484e-02 5.961876669778428095e+02 5.992759495226546562e+01 9.522443352565926489e+02
8.500025272369384766e+00 5.962482777725194865e+02 5.988234357102359695e+01 2.133872891806222327e+01 -8.407866728317161739e-03 1.177549050028231861e-02 -3.319444771563910546e-02 5.961876669778428095e+02 5.992759495226546562e+01 9.428201493424119235e+02
8.533169507980346680e+00 5.962268551961303729e+02 5.987855807531136065e+01 2.132175302058859856e+01 -5.436640226378998408e-03 1.437958462295800197e-02 -3.360435490555008925e-02 5.961876669778428095e+02 5.992759495226546562e+01 9.330234882509338377e+02
8.566600561141967773e+00 5.962330518616645350e+02 5.987402048280187472e+01 2.131344198024708803e+01 -5.592043765351263802e-03 1.427730663698135311e-02 -3.351469623350299132e-02 5.961876669778428095e+02 5.992759495226546562e+01 9.226912008177241660e+02
8.599946975708007812e+00 5.962484682413725068e+02 5.985053756559406679e+01 2.135393032726803852e+01 -8.801356048316895386e-03 1.113064304957591191e-02 -3.339162203646402205e-02 5.961876669778428095e+02 5.992759495226546562e+01 9.119565317016911195e+02
8.633325338363647461e+00 5.962509957892682451e+02 5.985893881354206059e+01 2.136617877683972822e+01 -8.171293357279502470e-03 1.161515805793940891e-02 -3.315566080352921885e-02 5.961876669778428095e+02 5.992759495226546562e+01 9.008055559800598076e+02
8.666770935058593750e+00 5.962302695844359732e+02 5.986677319500547867e+01 2.130849411212354383e+01 -5.643794821504841304e-03 1.436380681193123905e-02 -3.357947017500254733e-02 5.961876669778428095e+02 5.992759495226546562e+01 8.892473469576301568e+02
8.700002670288085938e+00 5.962271179089877933e+02 5.985663034570706742e+01 2.131601052542180952e+01 -5.952461017391624636e-03 1.417800070349151120e-02 -3.372596590118506071e-02 5.961876669778428095e+02 5.992759495226546562e+01 8.774040246691445191e+02
8.733164310455322266e+00 5.962187550263096227e+02 5.987497338876234210e+01 2.129460635412232250e+01 -5.867035666532675019e-03 1.457052669897620362e-02 -3.327318419723070131e-02 5.961876669778428095e+02 5.992759495226546562e+01 8.652512077858732482e+02
8.766571044921875000e+00 5.962342500454881247e+02 5.986028999753875723e+01 2.130905590229576774e+01 -5.617032297677407131e-03 1.420455529453677410e-02 -3.358184923076543843e-02 5.961876669778428095e+02 5.992759495226546562e+01 8.526932114156475109e+02
8.800140619277954102e+00 5.962158425340089707e+02 5.986156896788761372e+01 2.132675116104550739e+01 -5.449626295760706673e-03 1.450612386312441146e-02 -3.359833069018364898e-02 5.961876669778428095e+02 5.992759495226546562e+01 8.397779644593995272e+02
8.833304405212402344e+00 5.962156368196646099e+02 5.987067554642820966e+01 2.130534911519501406e+01 -5.653458399640114498e-03 1.457944284773148025e-02 -3.343996816456204502e-02 5.961876669778428095e+02 5.992759495226546562e+01 8.267498835045772694e+02
8.866621017456054688e+00 5.962188427565663460e+02 5.987616834947662170e+01 2.132175178835316842e+01 -5.449353441416647688e-03 1.440812609393232226e-02 -3.359023755363212821e-02 5.961876669778428095e+02 5.992759495226546562e+01 8.134150399184414937e+02
8.899641990661621094e+00 5.962237679366147631e+02 5.987458221104999012e+01 2.131949927239876530e+01 -5.550649393673864722e-03 1.437472924126611921e-02 -3.354892179070425445e-02 5.961876669778428095e+02 5.992759495226546562e+01 7.999765866992464680e+02
8.933284521102905273e+00 5.962213976813519594e+02 5.987080637807666506e+01 2.132186558763448048e+01 -5.329462110578575031e-03 1.445587044800875944e-02 -3.357766846723111293e-02 5.961876669778428095e+02 5.992759495226546562e+01 7.860806619001514264e+02
8.966659784317016602e+00 5.962141688521397782e+02 5.986004557280500649e+01 2.132516278347048555e+01 -5.522109436636180209e-03 1.443381114610896993e-02 -3.352917805540597124e-02 5.961876669778428095e+02 5.992759495226546562e+01 7.721138200662765030e+02
9.000563621520996094e+00 5.962539255457317040e+02 5.987252361725154515e+01 2.136621249931199173e+01 -8.145206927195940139e-03 1.161780211903854811e-02 -3.327467923165331604e-02 5.961876669778428095e+02 5.992759495226546562e+01 7.577641943002129210e+02
9.033532857894897461e+00 5.962211455624661767e+02 5.988961201823003222e+01 2.130359809435043772e+01 -5.697400078021499017e-03 1.452621609168252073e-02 -3.345355080069126186e-02 5.961876669778428095e+02 5.992759495226546562e+01 7.436763329803864053e+02
9.066711664199829102e+00 5.962615746002892365e+02 5.986051581412618106e+01 2.135470857861745841e+01 -8.219593739060667564e-03 1.149662978128088847e-02 -3.328773644765581352e-02 5.961876669778428095e+02 5.992759495226546562e+01 7.293879686215319680e+02
9.099885225296020508e+00 5.962731620697677499e+02 5.985259447591688797e+01 2.135007012195104537e+01 -8.706605984622070582e-03 1.127337603657082611e-02 -3.345386885859481796e-02 5.961876669778428095e+02 5.992759495226546562e+01 7.150127252950164802e+02
9.133221387863159180e+00 5.962098268882457432e+02 5.987008629112781932e+01 2.131316565873777691e+01 -6.056946206963892756e-03 1.395614133494632592e-02 -3.357792792136284760e-02 5.961876669778428095e+02 5.992759495226546562e+01 7.004996181546757725e+02
9.166595220565795898e+00 5.962219993979355195e+02 5.984726132968497581e+01 2.133470158625043211e+01 -5.499943814239318524e-03 1.431283334035944252e-02 -3.341353140714101860e-02 5.961876669778428095e+02 5.992759495226546562e+01 6.859249495932446052e+02
9.199951887130737305e+00 5.962553334368701599e+02 5.986528557838254727e+01 2.136210988687908596e+01 -7.952020408821569228e-03 1.173355780854122218e-02 -3.326914200288865614e-02 5.961876669778428095e+02 5.992759495226546562e+01 6.713351829987142310e+02
9.233268022537231445e+00 5.962516754445967990e+02 5.985888606021818248e+01 2.136035012846146941e+01 -8.204837761656529060e-03 1.148349994372726418e-02 -3.323117816728977242e-02 5.961876669778428095e+02 5.992759495226546562e+01 6.567631026114598853e+02
9.266545057296752930e+00 5.962585628526434220e+02 5.987080378211486220e+01 2.135578769809564292e+01 -8.138682494605297205e-03 1.165222541139122360e-02 -3.313764174549883174e-02 5.961876669778428095e+02 5.992759495226546562e+01 6.422305139989815643e+02
9.300066232681274414e+00 5.962316949718458545e+02 5.986982690898930315e+01 2.133496581284646254e+01 -5.449847701245859842e-03 1.429746392434248434e-02 -3.359479665218118721e-02 5.961876669778428095e+02 5.992759495226546562e+01 6.276366313295860664e+02
9.332983016967773438e+00 5.962333662544016306e+02 5.986315071404037980e+01 2.131081864103457590e+01 -5.529489850479724251e-03 1.440873863370167873e-02 -3.335307945654818196e-02 5.961876669778428095e+02 5.992759495226546562e+01 6.133722313908488104e+02
9.366442680358886719e+00 5.962514413061002188e+02 5.987447478360173392e+01 2.134260004499171970e+01 -8.355248329212416891e-03 1.135962529959071154e-02 -3.330134672374331778e-02 5.961876669778428095e+02 5.992759495226546562e+01 5.989624303515106476e+02
9.399994611740112305e+00 5.962400257275859303e+02 5.986399334148451601e+01 2.130161556355305308e+01 -5.589384481629304340e-03 1.416564289607456263e-02 -3.354501039208172136e-02 5.961876669778428095e+02 5.992759495226546562e+01 5.846266106867483359e+02
9.433193683624267578e+00 5.962212988105409295e+02 5.986424502461862573e+01 2.132173864876925862e+01 -5.162686490513265086e-03 1.468379662132867497e-02 -3.349970455846913026e-02 5.961876669778428095e+02 5.992759495226546562e+01 5.705761324972086186e+02
9.466511011123657227e+00 5.962176604930562007e+02 5.986799186692324071e+01 2.132224157502077588e+01 -5.412517649537193498e-03 1.444545545428984820e-02 -3.359758604617942707e-02 5.961876669778428095e+02 5.992759495226546562e+01 5.566326442434881301e+02
9.499847412109375000e+00 5.962320888122492306e+02 5.987150645971336616e+01 2.131394035100642270e+01 -5.453920953717039492e-03 1.454469799349564392e-02 -3.364624296767571021e-02 5.961876669778428095e+02 5.992759495226546562e+01 5.428610956172318538e+02
