1.001880621910095215e+01 1.561081126641656880e+00 -5.398301140324249126e+00 9.575913073849221746e+02 1.074666426347393490e-02 7.211450504306628900e-03 6.040673647638996127e-03 0.000000000000000000e+00 0.000000000000000000e+00 1.000000000000000000e+03
1.005148077011108398e+01 1.358485591220816247e+00 -5.533240348622027405e+00 9.577217371845422349e+02 1.138188118981689478e-02 8.105500601191069007e-03 8.504509233842596702e-03 0.000000000000000000e+00 0.000000000000000000e+00 1.000000000000000000e+03
1.008465194702148438e+01 1.322752365951439746e+00 -5.688164688341367459e+00 9.579108903305126432e+02 1.061057186296881366e-02 8.109887281899126957e-03 8.813588503108591918e-03 0.000000000000000000e+00 0.000000000000000000e+00 1.000000000000000000e+03
1.011828112602233887e+01 1.420741257489503084e+00 -5.937546667694998170e+00 9.580414433444633460e+02 1.118639429857183967e-02 7.740281837421380401e-03 8.002903961227330817e-03 0.000000000000000000e+00 0.000000000000000000e+00 1.000000000000000000e+03
1.015210056304931641e+01 1.469977720560664558e+00 -6.078572813437916444e+00 9.581096279894301233e+02 1.294353439942864774e-02 7.749105532563082231e-03 7.625888475767977903e-03 0.000000000000000000e+00 0.000000000000000000e+00 1.000000000000000000e+03
1.018493771553039551e+01 1.746469320753839982e+00 -6.282821196029777511e+00 9.582187685536858908e+02 1.182032536471869233e-02 7.280334314849723834e-03 4.801489208378430761e-03 0.000000000000000000e+00 0.000000000000000000e+00 1.000000000000000000e+03
1.021877503395080566e+01 1.840038475927443740e+00 -6.385843152275115564e+00 9.583496942801621117e+02 1.252472852912514360e-02 4.525195677176709758e-03 5.332790163748009522e-03 0.000000000000000000e+00 0.000000000000000000e+00 1.000000000000000000e+03
1.025154161453247070e+01 1.975452965212070033e+00 -6.543329368725423478e+00 9.584682661090827196e+02 1.225897302538820482e-02 3.335513265165289485e-03 4.474618432617044270e-03 0.000000000000000000e+00 0.000000000000000000e+00 1.000000000000000000e+03
1.028480935096740723e+01 2.055149744474515927e+00 -6.685439970700862489e+00 9.586904216352322692e+02 1.148038566432558680e-02 2.571452126575947753e-03 4.060044202790841043e-03 0.000000000000000000e+00 0.000000000000000000e+00 1.000000000000000000e+03
1.031847119331359863e+01 2.095254003076990834e+00 -6.700941575927261695e+00 9.588427280330506619e+02 9.760544804822192735e-03 2.731997842420876010e-03 4.725287774281538081e-03 0.000000000000000000e+00 0.000000000000000000e+00 1.000000000000000000e+03
1.035142350196838379e+01 2.157768721273878310e+00 -6.788659591962964868e+00 9.591612769376179131e+02 1.158124008621404591e-02 1.896529857470355017e-03 4.705823264579500273e-03 0.000000000000000000e+00 0.000000000000000000e+00 1.000000000000000000e+03
1.038532972335815430e+01 2.175930764728527311e+00 -6.816906367003552347e+00 9.593473968202490596e+02 1.146222000127933641e-02 3.848351703279835698e-03 5.813290824428544133e-03 0.000000000000000000e+00 0.000000000000000000e+00 1.000000000000000000e+03
1.041363167762756348e+01 2.242512291186553597e+00 -6.892230384778341268e+00 9.596983840117001137e+02 1.179390911751601427e-02 1.795888983827776666e-03 5.267245011364727128e-03 0.000000000000000000e+00 0.000000000000000000e+00 1.000000000000000000e+03
1.044803404808044434e+01 2.269730945264657240e+00 -6.950272071403723828e+00 9.599738424364295497e+02 1.349850532901122370e-02 2.174299316139295928e-03 3.752827004196403887e-03 0.000000000000000000e+00 0.000000000000000000e+00 1.000000000000000000e+03
1.048475408554077148e+01 2.097539778576587910e+00 -6.813260342097903433e+00 9.602820010765753977e+02 1.216584536611790314e-02 1.739724370848280905e-03 7.262271983412125001e-03 0.000000000000000000e+00 0.000000000000000000e+00 1.000000000000000000e+03
1.051806688308715820e+01 2.045700728016477843e+00 -6.818058097165520692e+00 9.606259102132030421e+02 1.032769837127697245e-02 2.273056232127994639e-03 6.630119154178352667e-03 0.000000000000000000e+00 0.000000000000000000e+00 1.000000000000000000e+03
1.055145812034606934e+01 2.102135164770072340e+00 -6.848691449901171069e+00 9.610650747884077418e+02 1.204356579982605174e-02 2.440514786665356085e-03 6.754610971693381441e-03 0.000000000000000000e+00 0.000000000000000000e+00 1.000000000000000000e+03
1.058468794822692871e+01 2.037670898844285094e+00 -6.875678092884014880e+00 9.615905902582644558e+02 1.228018894268091167e-02 4.082213496120302293e-03 6.950959508268981200e-03 0.000000000000000000e+00 0.000000000000000000e+00 1.000000000000000000e+03
1.061850738525390625e+01 2.140695490580477589e+00 -6.979688991834486878e+00 9.621781574476741525e+02 1.304647822867431237e-02 3.406450587638478345e-03 4.894819787671208546e-03 0.000000000000000000e+00 0.000000000000000000e+00 1.000000000000000000e+03
1.065153503417968750e+01 2.042192589844252559e+00 -6.973727566493025165e+00 9.627190815182200367e+02 1.342125763106533261e-02 3.422047760935585051e-03 7.073514562584265995e-03 0.000000000000000000e+00 0.000000000000000000e+00 1.000000000000000000e+03
1.068507456779479980e+01 2.012523452309434191e+00 -7.066460162736837525e+00 9.631614491490912542e+02 1.508777133026733240e-02 3.059192742198682362e-03 7.506972246511813343e-03 0.000000000000000000e+00 0.000000000000000000e+00 1.000000000000000000e+03
1.071818709373474121e+01 1.917679138624807766e+00 -7.094371620777648602e+00 9.636696151268491803e+02 1.520835476505765990e-02 2.765719740310095161e-03 9.754948843726829119e-03 0.000000000000000000e+00 0.000000000000000000e+00 1.000000000000000000e+03
1.075134515762329102e+01 1.814994220452271989e+00 -7.223226775597973770e+00 9.643623025846846986e+02 1.397312476111490197e-02 3.872937445452574474e-03 1.015601387603750141e-02 0.000000000000000000e+00 0.000000000000000000e+00 1.000000000000000000e+03
1.078510093688964844e+01 1.686953764857913818e+00 -7.301390004004867151e+00 9.648976440104065659e+02 1.240279303381970101e-02 1.945603462346711223e-03 1.197961121255139080e-02 0.000000000000000000e+00 0.000000000000000000e+00 1.000000000000000000e+03
1.081813502311706543e+01 1.550444818543465164e+00 -7.460016163853667059e+00 9.656278277218003723e+02 1.193068250474362511e-02 3.455981420333872640e-03 1.323999067403437702e-02 0.000000000000000000e+00 0.000000000000000000e+00 1.000000000000000000e+03
1.085169863700866699e+01 1.400884250680251242e+00 -7.629715476361036863e+00 9.661754786251448195e+02 1.432056593851212603e-02 3.211107012977089826e-03 1.303513760551184252e-02 0.000000000000000000e+00 0.000000000000000000e+00 1.000000000000000000e+03
1.088472795486450195e+01 1.238377841607422036e+00 -7.791551818309680577e+00 9.668324025488672078e+02 1.358973350261136193e-02 3.014735382939121109e-03 1.343059948148384725e-02 0.000000000000000000e+00 0.000000000000000000e+00 1.000000000000000000e+03
1.091806483268737793e+01 1.012725772079708042e+00 -7.965306043992447016e+00 9.673401202384961834e+02 1.302819242673932017e-02 3.743593800981458598e-03 1.475808681758365368e-02 0.000000000000000000e+00 0.000000000000000000e+00 1.000000000000000000e+03
1.095154333114624023e+01 7.598422896349816824e-01 -8.142215943113953358e+00 9.679702625905980540e+02 1.127062205324639785e-02 4.351250789736486359e-03 1.789745662485484057e-02 0.000000000000000000e+00 0.000000000000000000e+00 1.000000000000000000e+03
1.098500514030456543e+01 6.493673720901571578e-01 -8.220618064646963319e+00 9.685918323668811354e+02 9.571565239266752873e-03 4.719304353695854409e-03 1.850354373704249031e-02 0.000000000000000000e+00 0.000000000000000000e+00 1.000000000000000000e+03
1.101823949813842773e+01 4.066819660240110212e-01 -8.324144609192147826e+00 9.691424633443311905e+02 9.721127391488624050e-03 5.707535624185466894e-03 1.858718678295780483e-02 0.000000000000000000e+00 0.000000000000000000e+00 1.000000000000000000e+03
1.105140161514282227e+01 3.291859665678785740e-01 -8.442512714478150215e+00 9.695655168523004477e+02 8.579911533285078384e-03 6.281849735686984362e-03 1.909306744771191097e-02 0.000000000000000000e+00 0.000000000000000000e+00 1.000000000000000000e+03
1.108475351333618164e+01 2.340009724666422819e-01 -8.541951001385966080e+00 9.700619157659986058e+02 8.989852612160988132e-03 6.899408979840956739e-03 1.919076892802387344e-02 0.000000000000000000e+00 0.000000000000000000e+00 1.000000000000000000e+03
1.111851549148559570e+01 1.217968838483279859e-01 -8.616950334761266816e+00 9.704291854264546373e+02 9.168857755721633584e-03 7.467678804844503707e-03 1.934918956378148605e-02 0.000000000000000000e+00 0.000000000000000000e+00 1.000000000000000000e+03
1.115151882171630859e+01 2.720002062386269737e-01 -8.651492832563860702e+00 9.707463681683256027e+02 1.039330572215804369e-02 5.942823385685379323e-03 1.813916360087983876e-02 0.000000000000000000e+00 0.000000000000000000e+00 1.000000000000000000e+03
1.118476581573486328e+01 2.686516619535367356e-01 -8.639790523632692398e+00 9.709742061361631613e+02 1.057089805248717651e-02 5.774632456329556636e-03 1.804330566634350375e-02 0.000000000000000000e+00 0.000000000000000000e+00 1.000000000000000000e+03
1.121906399726867676e+01 3.199851981411231949e-01 -8.581270105239505952e+00 9.710479715687679345e+02 1.022535681144877938e-02 5.947052285840259862e-03 1.783131143203884467e-02 0.000000000000000000e+00 0.000000000000000000e+00 1.000000000000000000e+03
1.125140190124511719e+01 3.487759232620433192e-01 -8.517068102065843860e+00 9.711658094939257353e+02 1.127763671823158766e-02 5.468829679760753466e-03 1.843271961657609939e-02 0.000000000000000000e+00 0.000000000000000000e+00 1.000000000000000000e+03
1.128487205505371094e+01 4.258104834250264759e-01 -8.381680014207191221e+00 9.711438518496740926e+02 1.138796272835178487e-02 5.000316190342466056e-03 1.821955636404676629e-02 0.000000000000000000e+00 0.000000000000000000e+00 1.000000000000000000e+03
1.131829333305358887e+01 5.772464381916835308e-01 -8.172957805603379811e+00 9.711068379670103923e+02 1.180798903201160481e-02 5.628599650260651503e-03 1.887330688842719928e-02 0.000000000000000000e+00 0.000000000000000000e+00 1.000000000000000000e+03
1.134698176383972168e+01 7.201713817229681291e-01 -7.996143185250755181e+00 9.710300994508027088e+02 1.131691766577229419e-02 4.649444311433337425e-03 1.796219667442557413e-02 0.000000000000000000e+00 0.000000000000000000e+00 1.000000000000000000e+03
1.138188385963439941e+01 9.277819466049989083e-01 -7.649248881356024654e+00 9.708761951325237760e+02 1.116516467771181201e-02 5.503140959783551361e-03 1.783595427125016578e-02 0.000000000000000000e+00 0.000000000000000000e+00 1.000000000000000000e+03
1.141821789741516113e+01 9.851674258441800447e-01 -7.303322337337777803e+00 9.706865193637008815e+02 9.412303080648285261e-03 6.198513052828646085e-03 2.062059859792732264e-02 0.000000000000000000e+00 0.000000000000000000e+00 1.000000000000000000e+03
1.145139813423156738e+01 1.308983009224419458e+00 -6.939486534804564677e+00 9.704323265025847149e+02 1.119625108718708996e-02 8.072236073470033871e-03 2.003467922838822121e-02 0.000000000000000000e+00 0.000000000000000000e+00 1.000000000000000000e+03
1.148486995697021484e+01 1.651783950261682232e+00 -6.612601394593722759e+00 9.702416102944882823e+02 1.034670641743119616e-02 8.746089518310445204e-03 1.962506507978783316e-02 0.000000000000000000e+00 0.000000000000000000e+00 1.000000000000000000e+03
1.151816558837890625e+01 1.964439494416651666e+00 -6.233839006776811686e+00 9.699453740271538891e+02 1.148815324471873754e-02 7.219225536728911437e-03 1.986381441296256392e-02 0.000000000000000000e+00 0.000000000000000000e+00 1.000000000000000000e+03
1.155149340629577637e+01 2.566680587905868727e+00 -6.039117230252306179e+00 9.696349890656830439e+02 1.384172392672351759e-02 7.331120378764171067e-03 1.613137573724021667e-02 0.000000000000000000e+00 0.000000000000000000e+00 1.000000000000000000e+03
1.158503198623657227e+01 2.986876221509747076e+00 -5.691949022867446750e+00 9.693254432747892224e+02 1.245419476002697368e-02 5.633748091380879480e-03 1.508087151443739289e-02 0.000000000000000000e+00 0.000000000000000000e+00 1.000000000000000000e+03
1.161635637283325195e+01 3.394995682874715648e+00 -5.292122215637073523e+00 9.689621167296479598e+02 1.304126180537308090e-02 4.913488819844112447e-03 1.523973119105128185e-02 0.000000000000000000e+00 0.000000000000000000e+00 1.000000000000000000e+03
1.164994883537292480e+01 3.858629673891698530e+00 -4.935360907427691401e+00 9.685958521073157499e+02 1.350768055714077556e-02 4.003250421222365879e-03 1.519290108092684159e-02 0.000000000000000000e+00 0.000000000000000000e+00 1.000000000000000000e+03
1.168447375297546387e+01 4.295293351385501168e+00 -4.646156606317759952e+00 9.683007163807878896e+02 1.261346841429847321e-02 2.128344181093291734e-03 1.491262579179825076e-02 0.000000000000000000e+00 0.000000000000000000e+00 1.000000000000000000e+03
1.171758174896240234e+01 4.661343431346674393e+00 -4.294489806326282633e+00 9.680844124752106836e+02 1.419606587100003155e-02 1.898303895306750234e-03 1.530948162549393594e-02 0.000000000000000000e+00 0.000000000000000000e+00 1.000000000000000000e+03
1.175094914436340332e+01 5.169867055258237087e+00 -4.055054180713823619e+00 9.679546341191967258e+02 1.620771662390843582e-02 -5.998359687705593030e-05 1.368868363892012351e-02 0.000000000000000000e+00 0.000000000000000000e+00 1.000000000000000000e+03
1.178443026542663574e+01 5.479397008169893724e+00 -3.829661888420166527e+00 9.676717402197130014e+02 1.625186045789366387e-02 1.283251224915286275e-03 1.418375832459563626e-02 0.000000000000000000e+00 0.000000000000000000e+00 1.000000000000000000e+03
1.181782031059265137e+01 5.878645349578058621e+00 -3.563998375190500223e+00 9.676239328341818009e+02 1.547666386406453855e-02 2.598649618896017193e-04 1.464551821925944193e-02 0.000000000000000000e+00 0.000000000000000000e+00 1.000000000000000000e+03
1.185103058815002441e+01 6.296563525475184164e+00 -3.335475704316654966e+00 9.677378600142113783e+02 1.592226805108159712e-02 -3.736451946736497366e-04 1.334478513016251755e-02 0.000000000000000000e+00 0.000000000000000000e+00 1.000000000000000000e+03
1.188414645195007324e+01 6.514450450944823778e+00 -3.085746700109525342e+00 9.678227321059522410e+02 1.518927779799538087e-02 5.140433447111222203e-04 1.453312050626801716e-02 0.000000000000000000e+00 0.000000000000000000e+00 1.000000000000000000e+03
1.191775989532470703e+01 6.814757209456552722e+00 -2.922002890861456592e+00 9.680765033465617080e+02 1.389488952587430645e-02 -1.108543267731246272e-03 1.388306027459836750e-02 0.000000000000000000e+00 0.000000000000000000e+00 1.000000000000000000e+03
1.195100188255310059e+01 7.025625955621492835e+00 -2.717111857268439401e+00 9.682854921128549677e+02 1.449180485697462890e-02 1.139417379012716737e-04 1.343370121669146440e-02 0.000000000000000000e+00 0.000000000000000000e+00 1.000000000000000000e+03
1.198407220840454102e+01 7.181884934049915792e+00 -2.549840441513604894e+00 9.686638389958478683e+02 1.379026420244400253e-02 4.847949711210458633e-04 1.375398427818740055e-02 0.000000000000000000e+00 0.000000000000000000e+00 1.000000000000000000e+03
1.201745367050170898e+01 7.242334157870818245e+00 -2.431531620337756827e+00 9.690620757388513766e+02 1.493597551131112082e-02 -4.070999378944351434e-04 1.533462977172949868e-02 0.000000000000000000e+00 0.000000000000000000e+00 1.000000000000000000e+03
1.204710078239440918e+01 7.339614889933864461e+00 -2.365886593422460660e+00 9.695242410642161985e+02 1.626798472944988513e-02 -1.523472044540340490e-03 1.484649352806793714e-02 0.000000000000000000e+00 0.000000000000000000e+00 1.000000000000000000e+03
1.208187460899353027e+01 7.441299575657022380e+00 -2.267939156293604874e+00 9.700675464340281451e+02 1.683951504466516674e-02 -2.918832366774788602e-03 1.577555270453879707e-02 0.000000000000000000e+00 0.000000000000000000e+00 1.000000000000000000e+03
1.211802840232849121e+01 7.381422439724288687e+00 -2.225001059926966285e+00 9.706344279613165327e+02 1.711067232862914164e-02 -3.168969649597134976e-03 1.697695948416282422e-02 0.000000000000000000e+00 0.000000000000000000e+00 1.000000000000000000e+03
1.215148353576660156e+01 7.277724123768333442e+00 -2.272068642304171604e+00 9.713127961238648140e+02 2.018836192226288254e-02 -3.521739321414208042e-03 1.870948508703210861e-02 0.000000000000000000e+00 0.000000000000000000e+00 1.000000000000000000e+03
1.218464326858520508e+01 7.127595605858260797e+00 -2.381499856058155729e+00 9.719353371919498841e+02 1.773089312931822384e-02 -2.626167139934198341e-03 2.056156734650869608e-02 0.000000000000000000e+00 0.000000000000000000e+00 1.000000000000000000e+03
1.221826291084289551e+01 6.912119617632236590e+00 -2.527138525144670744e+00 9.726283419206264398e+02 1.942888808831068348e-02 -2.524556035618528808e-03 2.010410867174276459e-02 0.000000000000000000e+00 0.000000000000000000e+00 1.000000000000000000e+03
1.225156760215759277e+01 6.660007968245815313e+00 -2.714776001152707785e+00 9.734493035926413995e+02 1.880387497300546953e-02 -2.417316483632646167e-03 1.951665705578680202e-02 0.000000000000000000e+00 0.000000000000000000e+00 1.000000000000000000e+03
1.228480434417724609e+01 6.356236549823639947e+00 -3.022065810455566215e+00 9.743336590482025485e+02 1.832722420863256915e-02 -2.007800730570071576e-03 2.075016680393758015e-02 0.000000000000000000e+00 0.000000000000000000e+00 1.000000000000000000e+03
1.231827616691589355e+01 5.963619242262928388e+00 -3.395681033607999666e+00 9.751008687789012583e+02 1.692625219227908429e-02 -2.213523069565532381e-03 2.209701158015675224e-02 0.000000000000000000e+00 0.000000000000000000e+00 1.000000000000000000e+03
1.235160636901855469e+01 5.413821129269135390e+00 -3.740615653246287753e+00 9.760383621781885495e+02 1.712254943177114741e-02 -1.342962398756732340e-03 2.576048899010532217e-02 0.000000000000000000e+00 0.000000000000000000e+00 1.000000000000000000e+03
1.238492941856384277e+01 4.963074176970488693e+00 -4.040382340727682653e+00 9.770080098609164452e+02 1.562866135314303767e-02 5.828763152083871364e-04 2.844290587712086302e-02 0.000000000000000000e+00 0.000000000000000000e+00 1.000000000000000000e+03
1.241818881034851074e+01 4.483902046084071280e+00 -4.437068425851461662e+00 9.778728134329910517e+02 1.418345963376107903e-02 3.949689914620556743e-04 3.015066141373472924e-02 0.000000000000000000e+00 0.000000000000000000e+00 1.000000000000000000e+03
1.245163846015930176e+01 3.994789653722197631e+00 -4.784906160589756929e+00 9.787220542510746100e+02 1.426503978624097356e-02 2.071245013956438639e-03 3.155081984416548829e-02 0.000000000000000000e+00 0.000000000000000000e+00 1.000000000000000000e+03
1.248492956161499023e+01 3.550708468967761267e+00 -5.141472685035072487e+00 9.794484640727014266e+02 1.191262908144893710e-02 2.194430588218551376e-03 3.348768133015656706e-02 0.000000000000000000e+00 0.000000000000000000e+00 1.000000000000000000e+03
1.251818537712097168e+01 3.126966476429975828e+00 -5.480282224253834045e+00 9.803025505143015152e+02 1.224418855782523873e-02 3.151262674996945651e-03 3.438842153980783273e-02 0.000000000000000000e+00 0.000000000000000000e+00 1.000000000000000000e+03
1.255140185356140137e+01 2.675304138406279009e+00 -5.712180281510468305e+00 9.810394715184363577e+02 1.109514250028927583e-02 4.382657862191493420e-03 3.747706135072193662e-02 0.000000000000000000e+00 0.000000000000000000e+00 1.000000000000000000e+03
1.258472299575805664e+01 2.324250090401526858e+00 -6.004877544349249696e+00 9.815737800169627008e+02 1.142167535263892593e-02 5.838737314010142634e-03 3.962556280257594626e-02 0.000000000000000000e+00 0.000000000000000000e+00 1.000000000000000000e+03
1.261358404159545898e+01 1.923245733176126127e+00 -6.226124662947508881e+00 9.820654685700566233e+02 1.294804959891681859e-02 6.076692992126733923e-03 4.127800238606135763e-02 0.000000000000000000e+00 0.000000000000000000e+00 1.000000000000000000e+03
1.264749026298522949e+01 1.767572398594971173e+00 -6.427187081439125649e+00 9.825534670165892521e+02 9.167225021154955591e-03 8.348939383434030720e-03 4.059232644958041952e-02 0.000000000000000000e+00 0.000000000000000000e+00 1.000000000000000000e+03
1.268497633934020996e+01 1.528852895787309540e+00 -6.485951831948895574e+00 9.830467442042823905e+02 1.056112759374038153e-02 7.008540298528048371e-03 4.324465807326889621e-02 0.000000000000000000e+00 0.000000000000000000e+00 1.000000000000000000e+03
1.271834635734558105e+01 1.278652323484851694e+00 -6.528224564320387557e+00 9.834035045557413923e+02 1.074638163801652606e-02 6.108717109847258513e-03 4.536435056472186422e-02 0.000000000000000000e+00 0.000000000000000000e+00 1.000000000000000000e+03
1.275119328498840332e+01 1.071976595952059075e+00 -6.536204124177815267e+00 9.836284162476758866e+02 1.187644292084432361e-02 4.790586628654713679e-03 4.725295438253555164e-02 0.000000000000000000e+00 0.000000000000000000e+00 1.000000000000000000e+03
1.278475236892700195e+01 9.245916802775684395e-01 -6.517482632840508217e+00 9.838074933050938853e+02 1.279621322022050749e-02 3.766480887810212935e-03 4.915213203628836236e-02 0.000000000000000000e+00 0.000000000000000000e+00 1.000000000000000000e+03
1.281353735923767090e+01 7.656518093369562017e-01 -6.503505514749221561e+00 9.838937894918955180e+02 1.387704495598754938e-02 3.418915254290063634e-03 5.096824927633778618e-02 0.000000000000000000e+00 0.000000000000000000e+00 1.000000000000000000e+03
1.284789419174194336e+01 5.954897944245773900e-01 -6.498056804745353077e+00 9.839804120626746453e+02 1.497916328797397646e-02 3.486460955083420590e-03 5.258510653901744825e-02 0.000000000000000000e+00 0.000000000000000000e+00 1.000000000000000000e+03
1.288508868217468262e+01 5.094920385998565893e-01 -6.503553655276513190e+00 9.839198608564344113e+02 1.474145391440424661e-02 4.599205019115930500e-03 5.417081807323481657e-02 0.000000000000000000e+00 0.000000000000000000e+00 1.000000000000000000e+03
1.291803050041198730e+01 4.507997382767289229e-01 -6.492992241097996775e+00 9.838116947296591661e+02 1.439952054803547189e-02 5.549535563843720383e-03 5.507933166970143540e-02 0.000000000000000000e+00 0.000000000000000000e+00 1.000000000000000000e+03
1.295153665542602539e+01 4.342018509515487290e-01 -6.462743281487249192e+00 9.836629455297928644e+02 1.324730198905637625e-02 6.097358365769419732e-03 5.532538411770006326e-02 0.000000000000000000e+00 0.000000000000000000e+00 1.000000000000000000e+03
1.298477077484130859e+01 4.577384911034929615e-01 -6.426001138915816924e+00 9.834798105861617614e+02 1.274266436589586646e-02 6.721223689767466362e-03 5.560913323351610732e-02 0.000000000000000000e+00 0.000000000000000000e+00 1.000000000000000000e+03
1.301796531677246094e+01 4.993038360621293581e-01 -6.361271377081089362e+00 9.832114133952046586e+02 1.249240149670613649e-02 6.429585655678287520e-03 5.557719119666544583e-02 0.000000000000000000e+00 0.000000000000000000e+00 1.000000000000000000e+03
1.305164480209350586e+01 6.301689746030234573e-01 -6.283725898112529684e+00 9.828457514444060052e+02 1.280911902845235754e-02 6.583142310720071361e-03 5.523326514519177194e-02 0.000000000000000000e+00 0.000000000000000000e+00 1.000000000000000000e+03
1.308473420143127441e+01 8.369024100444685255e-01 -6.276264808128191319e+00 9.825016141080554917e+02 1.309104132701304282e-02 6.124400438886068443e-03 5.439450270464971093e-02 0.000000000000000000e+00 0.000000000000000000e+00 1.000000000000000000e+03
1.311811947822570801e+01 1.032883203457215515e+00 -6.220326317345277189e+00 9.820951178251842748e+02 1.332291286477608680e-02 6.363698328302289098e-03 5.334249715880711590e-02 0.000000000000000000e+00 0.000000000000000000e+00 1.000000000000000000e+03
1.315133404731750488e+01 1.316019429818374276e+00 -6.146650568650414925e+00 9.817616922330855687e+02 1.438311948342161674e-02 4.512346374370803000e-03 5.238282604548042537e-02 0.000000000000000000e+00 0.000000000000000000e+00 1.000000000000000000e+03
1.318491435050964355e+01 1.637119375279180389e+00 -5.986566063916612279e+00 9.813759636584923101e+02 1.300938435096313413e-02 3.798515220184386920e-03 5.236804198705842517e-02 0.000000000000000000e+00 0.000000000000000000e+00 1.000000000000000000e+03
1.321830153465270996e+01 1.999214525460731418e+00 -5.905562761346751621e+00 9.810448335402220437e+02 1.301375507291953511e-02 4.105383570743541613e-03 5.182162286450886501e-02 0.000000000000000000e+00 0.000000000000000000e+00 1.000000000000000000e+03
1.325142431259155273e+01 2.223094230386988723e+00 -5.684952914357534581e+00 9.806074210556662365e+02 1.179320497512311577e-02 6.875846039154455414e-03 5.420391780682028843e-02 0.000000000000000000e+00 0.000000000000000000e+00 1.000000000000000000e+03
1.328494215011596680e+01 2.676848046433119688e+00 -5.491254952317956572e+00 9.803085106686028212e+02 1.093846072690938913e-02 6.836906089659681822e-03 5.428082433594528383e-02 0.000000000000000000e+00 0.000000000000000000e+00 1.000000000000000000e+03
1.331826901435852051e+01 3.123191203401840976e+00 -5.242298423164742260e+00 9.799330603925266132e+02 1.064429227825965628e-02 6.390919169301657876e-03 5.296737551417208395e-02 0.000000000000000000e+00 0.000000000000000000e+00 1.000000000000000000e+03
1.335138726234436035e+01 3.631918844684259184e+00 -4.940220555318094675e+00 9.795343177562770052e+02 1.213205319119363933e-02 5.675091211306472483e-03 5.224047279051635684e-02 0.000000000000000000e+00 0.000000000000000000e+00 1.000000000000000000e+03
1.338473129272460938e+01 4.231038620800392280e+00 -4.684684386387002242e+00 9.791928378900597636e+02 1.316951873795206736e-02 4.895615439551518309e-03 5.235154163406036815e-02 0.000000000000000000e+00 0.000000000000000000e+00 1.000000000000000000e+03
1.341846132278442383e+01 4.825392977264179706e+00 -4.376183804490604956e+00 9.789011679299237585e+02 1.490840499767539899e-02 4.249580345729698540e-03 5.238769287371536354e-02 0.000000000000000000e+00 0.000000000000000000e+00 1.000000000000000000e+03
1.345176148414611816e+01 5.540381014043301633e+00 -4.148240685157356111e+00 9.786558965348443735e+02 1.510120727729434044e-02 4.363612139709327660e-03 4.907075498942815167e-02 0.000000000000000000e+00 0.000000000000000000e+00 1.000000000000000000e+03
1.348470926284790039e+01 6.097158756309246641e+00 -3.806875114434126850e+00 9.785841154706597536e+02 1.553360106889708527e-02 4.298368630773026153e-03 5.214000881426863326e-02 0.000000000000000000e+00 0.000000000000000000e+00 1.000000000000000000e+03
1.351837587356567383e+01 6.758240292804920557e+00 -3.548338928661499470e+00 9.784137045417785430e+02 1.618449907719699335e-02 6.857774860266671775e-03 5.152134471887596934e-02 0.000000000000000000e+00 0.000000000000000000e+00 1.000000000000000000e+03
1.355160570144653320e+01 7.582027889365553719e+00 -3.364918149347905008e+00 9.782678026509100846e+02 1.495203352948490556e-02 8.063684927983380893e-03 5.100977973868203730e-02 0.000000000000000000e+00 0.000000000000000000e+00 1.000000000000000000e+03
1.358493995666503906e+01 8.419956952280349682e+00 -3.178201270149642710e+00 9.782764772060431824e+02 1.451747220755521782e-02 8.581039449339453173e-03 5.025708524256793791e-02 0.000000000000000000e+00 0.000000000000000000e+00 1.000000000000000000e+03
1.361644077301025391e+01 9.319050519701741919e+00 -2.970544043624173014e+00 9.784289173876289851e+02 1.491552508624921156e-02 6.051737208576613188e-03 4.970292297214271710e-02 0.000000000000000000e+00 0.000000000000000000e+00 1.000000000000000000e+03
1.364989709854125977e+01 1.043879340111296727e+01 -2.868761201838188946e+00 9.786274899259298081e+02 1.740171290816361696e-02 4.507876330551479488e-03 4.664848815911714491e-02 0.000000000000000000e+00 0.000000000000000000e+00 1.000000000000000000e+03
1.368012166023254395e+01 1.143648670813735713e+01 -2.731001462172617966e+00 9.791088766416509088e+02 2.066132154120441447e-02 2.556469978479217371e-03 4.602109116692477270e-02 0.000000000000000000e+00 0.000000000000000000e+00 1.000000000000000000e+03
1.371420383453369141e+01 1.236833791753323375e+01 -2.712096464519921479e+00 9.795030235994375971e+02 2.122907469347139545e-02 4.538927176078047000e-03 4.587203438989095189e-02 0.000000000000000000e+00 0.000000000000000000e+00 1.000000000000000000e+03
1.375153756141662598e+01 1.328956584281201714e+01 -2.718764549180166856e+00 9.802571485473903294e+02 2.100029791405746971e-02 3.237875589074650472e-03 4.823759678193612760e-02 0.000000000000000000e+00 0.000000000000000000e+00 1.000000000000000000e+03
1.378504538536071777e+01 1.440802455325582088e+01 -2.959957034944706411e+00 9.810368087499247167e+02 2.153156896317429819e-02 -1.360132926404609716e-03 4.813303278557921894e-02 0.000000000000000000e+00 0.000000000000000000e+00 1.000000000000000000e+03
1.381816792488098145e+01 1.539610625933406496e+01 -3.332251625699058195e+00 9.819486711326617296e+02 2.188866233950122198e-02 -9.006543748249379658e-03 4.779076584128259808e-02 0.000000000000000000e+00 0.000000000000000000e+00 1.000000000000000000e+03
1.385170769691467285e+01 1.656023060072024577e+01 -3.777808927062850763e+00 9.828454486011464724e+02 2.294364309782750272e-02 -1.705025766863726977e-02 4.527904350417681634e-02 0.000000000000000000e+00 0.000000000000000000e+00 1.000000000000000000e+03
1.388521170616149902e+01 1.728246621306428921e+01 -4.255472517177724789e+00 9.838798991888805858e+02 2.105663140204624278e-02 -2.350246847266623459e-02 4.595692333941040625e-02 0.000000000000000000e+00 0.000000000000000000e+00 1.000000000000000000e+03
1.391843771934509277e+01 1.782695257736822114e+01 -4.931829164385640674e+00 9.850424004677851144e+02 1.835828790269398297e-02 -2.773003216961926476e-02 4.548134710075126680e-02 0.000000000000000000e+00 0.000000000000000000e+00 1.000000000000000000e+03
1.395161128044128418e+01 1.791306904320889970e+01 -5.539779407604158656e+00 9.861346405573312950e+02 1.400127191986035025e-02 -3.039046104032030668e-02 4.594274009677477150e-02 0.000000000000000000e+00 0.000000000000000000e+00 1.000000000000000000e+03
1.398466205596923828e+01 1.773097720914851294e+01 -6.223653367428543248e+00 9.871848351170275464e+02 1.109341706490706708e-02 -3.086485823296005251e-02 4.603318952310778145e-02 0.000000000000000000e+00 0.000000000000000000e+00 1.000000000000000000e+03
1.401819896697998047e+01 1.714912357774734275e+01 -6.795001106949673186e+00 9.882328275116750547e+02 9.874401882609618736e-03 -2.886258352413624551e-02 4.774785888938401501e-02 0.000000000000000000e+00 0.000000000000000000e+00 1.000000000000000000e+03
1.405158638954162598e+01 1.640268932474771546e+01 -7.580737417130307243e+00 9.891228530420548850e+02 9.448053762443444845e-03 -2.704544415897590717e-02 4.735694720548245390e-02 0.000000000000000000e+00 0.000000000000000000e+00 1.000000000000000000e+03
1.408549976348876953e+01 1.524616895540702899e+01 -8.232668819504155522e+00 9.898932462200285727e+02 1.085007380413640678e-02 -2.396057193442617181e-02 4.650757072217783644e-02 0.000000000000000000e+00 0.000000000000000000e+00 1.000000000000000000e+03
1.411817336082458496e+01 1.395645599396478787e+01 -8.799644235134067571e+00 9.904041098148179572e+02 9.542942906322543495e-03 -2.070645540391140987e-02 4.440268292421438445e-02 0.000000000000000000e+00 0.000000000000000000e+00 1.000000000000000000e+03
1.414697837829589844e+01 1.250920057635514127e+01 -9.556186937440642737e+00 9.907296553085742516e+02 7.407224627406688681e-03 -1.755349107402399272e-02 3.884918615619344096e-02 0.000000000000000000e+00 0.000000000000000000e+00 1.000000000000000000e+03
1.418214130401611328e+01 1.073965898436724231e+01 -1.022007879487602544e+01 9.910108981295223884e+02 3.093460350852677773e-03 -1.199839240140908141e-02 3.400718066420062996e-02 0.000000000000000000e+00 0.000000000000000000e+00 1.000000000000000000e+03
1.421845793724060059e+01 8.808947877099747359e+00 -1.081192384650614358e+01 9.911997318764296097e+02 -1.825138457493540685e-03 -5.132993044553964442e-03 2.701581111809699468e-02 0.000000000000000000e+00 0.000000000000000000e+00 1.000000000000000000e+03
1.425152564048767090e+01 6.719666630783445171e+00 -1.131969671547119916e+01 9.908368368124935159e+02 -1.132680129811911886e-02 8.631920695651149056e-03 1.772593297301023121e-02 0.000000000000000000e+00 0.000000000000000000e+00 1.000000000000000000e+03
1.428481769561767578e+01 4.694839415774567648e+00 -1.144794722087515026e+01 9.902479398542806166e+02 -2.325033781982210543e-02 2.464998703094793339e-02 9.373259793227922687e-03 0.000000000000000000e+00 0.000000000000000000e+00 1.000000000000000000e+03
1.431818914413452148e+01 3.136106823086741713e+00 -1.149559359130928371e+01 9.893166575501710440e+02 -3.266711724621788188e-02 3.559736671225561394e-02 -5.934885546558521519e-03 0.000000000000000000e+00 0.000000000000000000e+00 1.000000000000000000e+03
1.435137796401977539e+01 1.629154903648351693e+00 -1.079240346836534137e+01 9.880027789838868557e+02 -4.238304274843218006e-02 5.005960199812416883e-02 -1.841996960955998713e-02 0.000000000000000000e+00 0.000000000000000000e+00 1.000000000000000000e+03
1.438297152519226074e+01 7.912104712543737151e-01 -9.583795948382908492e+00 9.860842003300559782e+02 -5.186857409210561543e-02 6.366512888287274852e-02 -3.575394047105165396e-02 0.000000000000000000e+00 0.000000000000000000e+00 1.000000000000000000e+03
1.441638827323913574e+01 5.124954452850917219e-01 -7.741479742727495506e+00 9.834273637763508304e+02 -5.815681852456500156e-02 7.707372791330616146e-02 -5.434331047645281354e-02 0.000000000000000000e+00 0.000000000000000000e+00 1.000000000000000000e+03
1.445107722282409668e+01 1.020565231205370349e+00 -5.162762707367733128e+00 9.797863652200292108e+02 -6.442162061922521166e-02 9.027570990377593863e-02 -7.717718192029816848e-02 0.000000000000000000e+00 0.000000000000000000e+00 1.000000000000000000e+03
1.448416829109191895e+01 2.404158152286750560e+00 -1.803576547188573187e+00 9.750359124016644046e+02 -6.799828378655919936e-02 1.047206997072671619e-01 -1.018917530217118977e-01 0.000000000000000000e+00 0.000000000000000000e+00 1.000000000000000000e+03
1.451740360260009766e+01 4.761728026218639442e+00 2.317210633825095734e+00 9.687975331264990473e+02 -7.683769129792157593e-02 1.188704560695600099e-01 -1.296161195562562374e-01 0.000000000000000000e+00 0.000000000000000000e+00 1.000000000000000000e+03
1.455082201957702637e+01 8.046446503766532032e+00 7.194245995191895560e+00 9.606775146658695803e+02 -8.905793613792596652e-02 1.455477792991454467e-01 -1.606020276209935982e-01 0.000000000000000000e+00 0.000000000000000000e+00 1.000000000000000000e+03
1.458425641059875488e+01 1.259597961172471869e+01 1.287856873119184975e+01 9.501066864913361769e+02 -1.089630697682026500e-01 1.838928050651723600e-01 -1.945984019942389454e-01 0.000000000000000000e+00 0.000000000000000000e+00 1.000000000000000000e+03
1.461771726608276367e+01 1.853668286828054690e+01 1.949519941990342176e+01 9.371453530206674714e+02 -1.413094365374475692e-01 2.528962151655605450e-01 -2.270315700671664272e-01 0.000000000000000000e+00 0.000000000000000000e+00 1.000000000000000000e+03
1.465150713920593262e+01 2.619294348984355381e+01 2.702973679055324041e+01 9.210505231658536331e+02 -1.868272044732741666e-01 3.594694093743707741e-01 -2.565676081415311782e-01 0.000000000000000000e+00 0.000000000000000000e+00 1.000000000000000000e+03
1.468048572540283203e+01 3.668946141314981446e+01 3.629151170243898150e+01 9.019475887851183415e+02 -2.525602022026363636e-01 5.021440007005536499e-01 -2.685008716777614879e-01 0.000000000000000000e+00 0.000000000000000000e+00 1.000000000000000000e+03
1.471529459953308105e+01 5.069955885955790365e+01 4.705508950753542763e+01 8.786724448490244868e+02 -3.524960714888268898e-01 7.085048735358495664e-01 -2.540234070924136667e-01 0.000000000000000000e+00 0.000000000000000000e+00 1.000000000000000000e+03
1.475195479393005371e+01 6.979867770082488221e+01 5.971558793371802665e+01 8.504768969134098597e+02 -5.028845015089383752e-01 9.649699808976940352e-01 -1.774639437044333579e-01 0.000000000000000000e+00 0.000000000000000000e+00 1.000000000000000000e+03
1.478507924079895020e+01 9.431626004363117488e+01 7.443794035763359318e+01 8.152501727724323928e+02 -9.802585157724771348e-01 1.270147788686777801e+00 2.302627920505404269e-01 0.000000000000000000e+00 0.000000000000000000e+00 1.000000000000000000e+03
1.481870651245117188e+01 1.258321983066924474e+02 9.084182836227289215e+01 7.709860318577655107e+02 -2.584368247113590922e+00 1.272564737709961591e+00 1.766747343059417386e+00 0.000000000000000000e+00 0.000000000000000000e+00 1.000000000000000000e+03
1.484721851348876953e+01 1.654424649228972726e+02 1.088678640162932965e+02 7.146724632194224114e+02 -3.105936007989761549e+00 9.463716593878905847e-01 2.229964004197155347e+00 0.000000000000000000e+00 0.000000000000000000e+00 1.000000000000000000e+03
1.488223218917846680e+01 1.955338504385294698e+02 1.248654892171222457e+02 6.509602997846494645e+02 -3.138118612896422910e+00 5.777611557791657582e-01 2.132241689265343076e+00 0.000000000000000000e+00 0.000000000000000000e+00 1.000000000000000000e+03
1.511832714080810547e+01 3.845469982874399761e+02 1.865408648158012852e+02 9.527176725161446313e+01 8.078069830666433360e-01 -3.127880029037773957e-01 -1.578574306179684195e-01 0.000000000000000000e+00 0.000000000000000000e+00 1.000000000000000000e+03
1.515192222595214844e+01 3.983481143641332665e+02 2.042600432914833846e+02 8.409365184271020155e+01 -1.630928140516003377e-01 -3.507613850092275998e-01 -8.501345556213418808e-02 0.000000000000000000e+00 0.000000000000000000e+00 1.000000000000000000e+03
1.518514561653137207e+01 4.046350198325111478e+02 2.086034718319641286e+02 1.121903872241445725e+02 -1.424514530914823551e-01 -7.369440073912136846e-01 9.125761662215792214e-02 0.000000000000000000e+00 0.000000000000000000e+00 1.000000000000000000e+03
1.521369791030883789e+01 4.045623499392457347e+02 2.141504454597249776e+02 1.348595192850539490e+02 1.341160856190892758e-01 -1.133444945063820430e+00 4.778479824892402084e-01 0.000000000000000000e+00 0.000000000000000000e+00 1.000000000000000000e+03
1.524754929542541504e+01 3.965195599739819272e+02 2.194242446784835465e+02 1.494913574958346203e+02 1.426619524635404757e+00 -1.278404392340172446e+00 1.865313628441044536e+00 0.000000000000000000e+00 0.000000000000000000e+00 1.000000000000000000e+03
1.528542470932006836e+01 3.796926401429393536e+02 2.223818496328788967e+02 1.524346136429491878e+02 2.114675330628074779e+00 -8.927310935476445719e-01 2.645679825378368655e+00 0.000000000000000000e+00 0.000000000000000000e+00 1.000000000000000000e+03
1.531841969490051270e+01 3.571139569149094655e+02 2.201829593928221129e+02 1.402351655832571851e+02 2.233477234188861349e+00 -3.955558468560306795e-01 2.874089610114805460e+00 0.000000000000000000e+00 0.000000000000000000e+00 1.000000000000000000e+03
1.535173153877258301e+01 3.321224379354717371e+02 2.125025101557151004e+02 1.124538951076237367e+02 2.191169732797514591e+00 1.283155135930765800e-01 3.034597637920596558e+00 0.000000000000000000e+00 0.000000000000000000e+00 1.000000000000000000e+03
1.538520836830139160e+01 3.108807090974933089e+02 1.970230662479503110e+02 7.071194645003798485e+01 2.086597505857890056e+00 5.092880831532765606e-01 -3.083639215861214922e+00 0.000000000000000000e+00 0.000000000000000000e+00 1.000000000000000000e+03
1.541806817054748535e+01 3.096594063092112492e+02 1.692454568905151007e+02 4.069351711750159950e+01 2.612080669800733279e+00 4.692550265662651654e-01 2.902981654162417602e+00 0.000000000000000000e+00 0.000000000000000000e+00 1.000000000000000000e+03
1.545150017738342285e+01 3.056919532924690088e+02 1.496784437546981508e+02 4.521086875044721864e+01 -7.568312092381655753e-02 3.118127793001228554e-01 -1.345420089617511250e+00 0.000000000000000000e+00 0.000000000000000000e+00 1.000000000000000000e+03
1.548490667343139648e+01 2.846849913235774920e+02 1.239868066353727727e+02 4.159434809444749703e+01 1.484642834691056457e-01 -3.661290830404000940e-01 -1.279666839475497531e+00 0.000000000000000000e+00 0.000000000000000000e+00 1.000000000000000000e+03
1.551802277565002441e+01 2.776795601746184161e+02 9.996766153745022621e+01 5.618909408698237939e+01 5.258081733390749246e-01 -2.020036881748352997e-01 -1.259055045164928721e+00 0.000000000000000000e+00 0.000000000000000000e+00 1.000000000000000000e+03
1.555127620697021484e+01 2.730444651558123610e+02 7.972602863656388195e+01 6.037354403918460832e+01 7.672828453554422223e-01 5.370054476772315871e-02 -1.337346922222350187e+00 0.000000000000000000e+00 0.000000000000000000e+00 1.000000000000000000e+03
1.558496785163879395e+01 2.644387880043268524e+02 7.506272835976301394e+01 5.032456134407978254e+01 -2.232580117763223626e+00 -3.008086164979343335e-01 -2.437031464815960502e-01 0.000000000000000000e+00 0.000000000000000000e+00 1.000000000000000000e+03
1.561648488044738770e+01 2.521260772090258229e+02 6.204361045226779225e+01 5.529292285521340489e+01 -2.587661885881567869e+00 -1.493566580115235076e-01 2.771050844431065752e+00 0.000000000000000000e+00 0.000000000000000000e+00 1.000000000000000000e+03
1.564973211288452148e+01 2.402029192508046833e+02 5.296393300264011827e+01 4.471905695578622897e+01 -2.829951083691393254e+00 1.123864384572552805e-01 2.716600722911542309e+00 0.000000000000000000e+00 0.000000000000000000e+00 1.000000000000000000e+03
1.568437838554382324e+01 2.304397520577484784e+02 4.466935410410429341e+01 3.075511521959417038e+01 -3.089689797137920912e+00 2.425212924797807423e-01 2.750030397808976179e+00 0.000000000000000000e+00 0.000000000000000000e+00 1.000000000000000000e+03
