7.259917259216308594e-02 5.961823451765571917e+02 5.985888589410026839e+01 2.105007051693771203e+01 -7.426300825133944940e-03 1.432171280855869776e-02 -3.404216800370361840e-02 5.961835852693143352e+02 5.987212515876938568e+01 2.278050075158757437e+01
1.058828830718994141e-01 5.961550191027454275e+02 5.987273673774951988e+01 2.103675595340565607e+01 -7.259038440492132128e-03 1.475023801165983167e-02 -3.504366987170248054e-02 5.961835852693143352e+02 5.987212515876938568e+01 2.470109514489388047e+01
1.437356472015380859e-01 5.961739518076749391e+02 5.980158148148947106e+01 2.107786109433942912e+01 -7.702868180672955631e-03 1.407996129782215083e-02 -3.565099785000015037e-02 5.961835852693143352e+02 5.987212515876938568e+01 2.771864213309201119e+01
1.725249290466308594e-01 5.962124783854297903e+02 5.982791239726940091e+01 2.102540294754466288e+01 -8.849567445093454304e-03 1.381864816792629028e-02 -3.487779728565670173e-02 5.961835852693143352e+02 5.987212515876938568e+01 3.059319823515394887e+01
2.059750556945800781e-01 5.961646126528020204e+02 5.979036373466031051e+01 2.110260003791274386e+01 -7.862686075924656126e-03 1.538116126626459801e-02 -3.562529728246727895e-02 5.961835852693143352e+02 5.987212515876938568e+01 3.454656593684666888e+01
2.392656803131103516e-01 5.961744701021960964e+02 5.980156846080719646e+01 2.117929476194487393e+01 -8.003995589818570580e-03 1.478918097382258406e-02 -3.393574509197495870e-02 5.961835852693143352e+02 5.987212515876938568e+01 3.912002395931668985e+01
2.727823257446289062e-01 5.960923319514834020e+02 5.974028973491470396e+01 2.121893104336719205e+01 -8.242971132953713989e-03 1.394500879741662064e-02 -3.289942646788565628e-02 5.961835852693143352e+02 5.987212515876938568e+01 4.435182413160158887e+01
3.061156272888183594e-01 5.958905466330134004e+02 5.962290599014151127e+01 2.121346843815329208e+01 -9.819182033951141461e-03 1.289112644115640409e-02 -3.108173917995626229e-02 5.961835852693143352e+02 5.987212515876938568e+01 5.016273434638126361e+01
3.392927646636962891e-01 5.956466713797275361e+02 5.929248546318658697e+01 2.161682334324412480e+01 -1.260743962540012211e-02 1.531486740840542517e-02 -2.622542621016923925e-02 5.961835852693143352e+02 5.987212515876938568e+01 5.653188110641486475e+01
3.726468086242675781e-01 5.953817656452189340e+02 5.888367736544388720e+01 2.236065472239750562e+01 -1.891452693266082105e-02 1.787538226604306474e-02 -1.880271949450145266e-02 5.961835852693143352e+02 5.987212515876938568e+01 6.350733953400062859e+01
4.061098098754882812e-01 5.949625917579281804e+02 5.848606531254242924e+01 2.371075309849780410e+01 -1.770360606449064914e-02 1.834302436956085705e-02 -7.692459918366280174e-03 5.961835852693143352e+02 5.987212515876938568e+01 7.106571050825334623e+01
4.397978782653808594e-01 5.946337371611278968e+02 5.797196146264012384e+01 2.560988617901960041e+01 -9.224022263511925945e-03 2.145649621860025100e-02 2.344928037441737240e-03 5.961835852693143352e+02 5.987212515876938568e+01 7.922478852002748795e+01
4.727334976196289062e-01 5.940915954860632837e+02 5.712833945983696537e+01 2.823349544486482188e+01 2.609498721758048319e-03 2.667376726467529310e-02 1.338229576111408387e-02 5.961835852693143352e+02 5.987212515876938568e+01 8.771872585236299358e+01
5.060362815856933594e-01 5.938885143668394448e+02 5.595734744614978950e+01 3.144335680649603049e+01 5.502832050738133349e-03 2.877597520069630210e-02 2.494711963056876758e-02 5.961835852693143352e+02 5.987212515876938568e+01 9.681086451517917624e+01
5.395414829254150391e-01 5.938200185549378602e+02 5.440985132212581732e+01 3.503100034674291408e+01 4.213885850714870623e-03 3.290291371212469840e-02 3.674943351055169616e-02 5.961835852693143352e+02 5.987212515876938568e+01 1.064526554222602073e+02
5.729587078094482422e-01 5.935237451724565290e+02 5.257752040609687327e+01 3.897040920084312887e+01 1.063975174380545367e-03 3.473118221077864387e-02 5.116067275567365291e-02 5.961835852693143352e+02 5.987212515876938568e+01 1.165464623000442259e+02
6.059789657592773438e-01 5.937142303637124314e+02 5.032152672882148892e+01 4.328157096189971043e+01 4.305488452746135397e-03 3.660958770043587496e-02 6.027980921144638488e-02 5.961835852693143352e+02 5.987212515876938568e+01 1.269723676217470398e+02
6.392402648925781250e-01 5.941663065004073587e+02 4.780012295261146704e+01 4.780334693534529578e+01 1.226001292284007588e-02 3.605517643666674571e-02 7.009524724755841762e-02 5.961835852693143352e+02 5.987212515876938568e+01 1.379123335373127475e+02
6.726424694061279297e-01 5.948629450529324458e+02 4.489838221775006133e+01 5.243825922380227667e+01 2.034578824954391685e-02 4.123989706965066476e-02 8.139338588842494338e-02 5.961835852693143352e+02 5.987212515876938568e+01 1.493245459383578577e+02
7.060568332672119141e-01 5.957767298422594422e+02 4.152115941403736343e+01 5.698122251673292737e+01 2.853950768215751319e-02 4.072750184615639424e-02 8.931961851037470423e-02 5.961835852693143352e+02 5.987212515876938568e+01 1.611513964369657685e+02
7.401280403137207031e-01 5.971808763637293396e+02 3.744977603338663386e+01 6.197284876843767876e+01 4.021724849176557676e-02 4.406999638914928935e-02 9.912925177227034645e-02 5.961835852693143352e+02 5.987212515876938568e+01 1.736162937854467430e+02
7.727012634277343750e-01 5.990092235271708887e+02 3.266657253743482414e+01 6.683098452198748873e+01 5.049999226122572904e-02 4.474840901091479972e-02 1.086015209631713690e-01 5.961835852693143352e+02 5.987212515876938568e+01 1.858999632217787052e+02
8.059525489807128906e-01 6.010295541104607082e+02 2.726084238443232977e+01 7.158593417062837716e+01 5.681646770830534043e-02 4.692648476112672162e-02 1.162326675404437154e-01 5.961835852693143352e+02 5.987212515876938568e+01 1.987929764096074905e+02
8.396809101104736328e-01 6.035694820675305436e+02 2.088666466720106385e+01 7.646128952331730488e+01 5.976681153833512256e-02 5.367486798086796435e-02 1.223022294520376002e-01 5.961835852693143352e+02 5.987212515876938568e+01 2.122193226970921955e+02
8.726644515991210938e-01 6.065805200547168852e+02 1.371785000285836453e+01 8.117675520380207388e+01 5.889955691361904028e-02 6.091828131543994967e-02 1.272636590617202967e-01 5.961835852693143352e+02 5.987212515876938568e+01 2.256721784744604236e+02
9.060156345367431641e-01 6.101703423163584148e+02 5.743243706747763078e+00 8.585740756923243566e+01 6.047751362680291870e-02 7.376761371614143359e-02 1.310409198635370531e-01 5.961835852693143352e+02 5.987212515876938568e+01 2.395833402326637156e+02
9.393327236175537109e-01 6.144499291567876753e+02 -3.210133627456100758e+00 9.052071805842921037e+01 6.329023175208514651e-02 8.348864879973262598e-02 1.333949077371162917e-01 5.961835852693143352e+02 5.987212515876938568e+01 2.537734763876914315e+02
9.727096557617187500e-01 6.195131085270214726e+02 -1.279954063603870829e+01 9.506222385953580556e+01 7.042805213242599172e-02 9.594841204350926245e-02 1.348750805273088160e-01 5.961835852693143352e+02 5.987212515876938568e+01 2.682664391558120087e+02
1.006473541259765625e+00 6.256395360631246376e+02 -2.348955589466371663e+01 9.961072628223371339e+01 7.458842806388980839e-02 1.011151858096455830e-01 1.342122624208323678e-01 5.961835852693143352e+02 5.987212515876938568e+01 2.831929897216923564e+02
1.039422512054443359e+00 6.328217151005906089e+02 -3.526703404201180092e+01 1.043691749083650251e+02 8.072568217575071259e-02 1.122147075214087741e-01 1.317520697394546636e-01 5.961835852693143352e+02 5.987212515876938568e+01 2.980004837771784310e+02
1.073385715484619141e+00 6.410241725313405823e+02 -4.787441807496584545e+01 1.090578979506300357e+02 7.908559112983835904e-02 1.165019674672266442e-01 1.287328352913345297e-01 5.961835852693143352e+02 5.987212515876938568e+01 3.134962071522369342e+02
1.106578826904296875e+00 6.504427919906456736e+02 -6.163996405869720974e+01 1.142874205346491863e+02 7.788251064298072623e-02 1.196147143816528036e-01 1.233633887316991640e-01 5.961835852693143352e+02 5.987212515876938568e+01 3.288520312572352395e+02
1.139757394790649414e+00 6.610826455540604911e+02 -7.648983895877310601e+01 1.195323469837259438e+02 7.345944894278561010e-02 1.167381880899224511e-01 1.188259385593200129e-01 5.961835852693143352e+02 5.987212515876938568e+01 3.443936539397781758e+02
1.172987699508666992e+00 6.728753121022130017e+02 -9.229043009995916691e+01 1.254022676218253309e+02 7.335288404249559746e-02 1.157746602319427442e-01 1.118612000320930583e-01 5.961835852693143352e+02 5.987212515876938568e+01 3.601361648543867773e+02
1.206645965576171875e+00 6.857976713640149455e+02 -1.088148810998214913e+02 1.316344481082198286e+02 7.159354325180330991e-02 1.152504584518500852e-01 1.050623764185228820e-01 5.961835852693143352e+02 5.987212515876938568e+01 3.762449511278558134e+02
1.240294218063354492e+00 6.996219168874898742e+02 -1.261936164365378517e+02 1.385082615638505388e+02 7.027042994201553039e-02 1.124341132249030983e-01 9.725529725305674666e-02 5.961835852693143352e+02 5.987212515876938568e+01 3.924965849528616104e+02
1.272896528244018555e+00 7.146695709068711722e+02 -1.446885028833197850e+02 1.460929914765679314e+02 6.854994005758195674e-02 1.133719172351607407e-01 8.981430254418990011e-02 5.961835852693143352e+02 5.987212515876938568e+01 4.083678649031268151e+02
1.306107521057128906e+00 7.306496913926471279e+02 -1.638484355301923188e+02 1.542820078559870467e+02 6.993672823953726858e-02 1.160815616628866065e-01 8.209947369519088323e-02 5.961835852693143352e+02 5.987212515876938568e+01 4.246456698325782781e+02
1.339341640472412109e+00 7.479037042602649308e+02 -1.840352645125742299e+02 1.632929351111484664e+02 7.229242521436879398e-02 1.206530052412527476e-01 7.488523110179673425e-02 5.961835852693143352e+02 5.987212515876938568e+01 4.410299532148386561e+02
1.373396396636962891e+00 7.661099769131056973e+02 -2.049536517996081386e+02 1.729604625993505920e+02 7.520174166648407876e-02 1.235829871789033418e-01 6.916455522645616194e-02 5.961835852693143352e+02 5.987212515876938568e+01 4.579004788536561819e+02
1.406509637832641602e+00 7.854298069631064436e+02 -2.266618061522345045e+02 1.834294789491505071e+02 7.726292313836415071e-02 1.232730972896003835e-01 6.119734646824701030e-02 5.961835852693143352e+02 5.987212515876938568e+01 4.743673131753284906e+02
1.439303636550903320e+00 8.058238572331927116e+02 -2.493240073728713071e+02 1.945649520155920413e+02 7.719854018011852725e-02 1.242393780352435972e-01 5.558558273929542493e-02 5.961835852693143352e+02 5.987212515876938568e+01 4.907203466616351761e+02
1.472938776016235352e+00 8.272102733638065502e+02 -2.727731449142238489e+02 2.065512070134452074e+02 7.692111278191282597e-02 1.251121582585729142e-01 5.101971741021495144e-02 5.961835852693143352e+02 5.987212515876938568e+01 5.075228207536936225e+02
1.506158351898193359e+00 8.496819644442862227e+02 -2.967996169108518529e+02 2.190336951045492526e+02 6.985571470745520484e-02 1.194271812032380725e-01 4.343009206164447078e-02 5.961835852693143352e+02 5.987212515876938568e+01 5.241311234533370680e+02
1.539454221725463867e+00 8.730761623892188936e+02 -3.217081832377862725e+02 2.322831016810620497e+02 6.588884155866185643e-02 1.136591602429696812e-01 3.807656613103321819e-02 5.961835852693143352e+02 5.987212515876938568e+01 5.407745263455465192e+02
1.572887182235717773e+00 8.973291168788060759e+02 -3.472561652036889086e+02 2.465358263543577380e+02 6.915149173679320527e-02 1.135625745959397415e-01 3.444958084167391854e-02 5.961835852693143352e+02 5.987212515876938568e+01 5.574668732435040965e+02
1.606837987899780273e+00 9.224280284108058368e+02 -3.734769683938948219e+02 2.614363333378387324e+02 7.410285016121614943e-02 1.127408585917882983e-01 3.047368520643855758e-02 5.961835852693143352e+02 5.987212515876938568e+01 5.743806263997309998e+02
1.639353752136230469e+00 9.483555980366979838e+02 -4.004237877130052539e+02 2.770434600958800502e+02 8.156717729384944937e-02 1.160384307398812792e-01 2.689249210216557162e-02 5.961835852693143352e+02 5.987212515876938568e+01 5.905283834089755146e+02
1.672658681869506836e+00 9.751757294585772797e+02 -4.282006599746007396e+02 2.931199180473455499e+02 8.288762484246878226e-02 1.159612317876093368e-01 2.578388953701471822e-02 5.961835852693143352e+02 5.987212515876938568e+01 6.070000367401478343e+02
1.706351518630981445e+00 1.002762546079912568e+03 -4.567524595059343824e+02 3.095428553392198410e+02 7.959997901234776296e-02 1.182954790734453004e-01 2.988311207386429649e-02 5.961835852693143352e+02 5.987212515876938568e+01 6.235768616357781866e+02
1.739465713500976562e+00 1.031186672688000499e+03 -4.859412191531205849e+02 3.263089889045191399e+02 7.008643547214742087e-02 1.210619273218046799e-01 3.858436874936274630e-02 5.961835852693143352e+02 5.987212515876938568e+01 6.397676452091134252e+02
1.772807836532592773e+00 1.060468848954611303e+03 -5.158568118133298412e+02 3.428868722387655907e+02 5.951047093866579374e-02 1.226278995476811767e-01 4.709231377025126231e-02 5.961835852693143352e+02 5.987212515876938568e+01 6.559519214427268707e+02
1.806632280349731445e+00 1.090277577888393807e+03 -5.459294408639921130e+02 3.564111030093463910e+02 4.333970771969485741e-02 1.261037790451043916e-01 5.989273258449701043e-02 5.961835852693143352e+02 5.987212515876938568e+01 6.722325052864741792e+02
1.839504003524780273e+00 1.120259196064317166e+03 -5.762433974308717097e+02 3.649395667272563060e+02 2.094093519586472801e-02 1.362818221283871034e-01 7.652053259528601714e-02 5.961835852693143352e+02 5.987212515876938568e+01 6.879052821795346517e+02
