1.226609962685676436e+01 1.011940734153209632e+03
1.183323638394878508e+01 1.011940734153209632e+03
1.238498858647945688e+01 1.011940734153209632e+03
1.243572450006798924e+01 1.011940734153209632e+03
1.239402300446678673e+01 1.011940734153209632e+03
1.208329199239854113e+01 1.011940734153209632e+03
1.238260595998337976e+01 1.011940734153209632e+03
1.351278415550487111e+01 1.011940734153209632e+03
1.664597983707962214e+01 1.011940734153209632e+03
2.378534559502599421e+01 1.011940734153209632e+03
3.386956581582806081e+01 1.011940734153209632e+03
4.638951020726169361e+01 1.011940734153209632e+03
6.222902323250801970e+01 1.011940734153209632e+03
7.972692093484245390e+01 1.011940734153209632e+03
9.945140306170358713e+01 1.011940734153209632e+03
1.210409642145273068e+02 1.011940734153209632e+03
1.454327918627378438e+02 1.011940734153209632e+03
1.701094584049567118e+02 1.011940734153209632e+03
1.972499291028716470e+02 1.011940734153209632e+03
2.255900149957340375e+02 1.011940734153209632e+03
2.536873272115731197e+02 1.011940734153209632e+03
2.822690291755349676e+02 1.011940734153209632e+03
3.102779250824755763e+02 1.011940734153209632e+03
3.380855541579126111e+02 1.011940734153209632e+03
3.646449180257391163e+02 1.011940734153209632e+03
3.895742637672552178e+02 1.011940734153209632e+03
4.130809369084112177e+02 1.011940734153209632e+03
4.334993866816557215e+02 1.011940734153209632e+03
4.521003496350813293e+02 1.011940734153209632e+03
4.684570680609248257e+02 1.011940734153209632e+03
4.820267803133886559e+02 1.011940734153209632e+03
4.921199198594445647e+02 1.011940734153209632e+03
4.988028477639590506e+02 1.011940734153209632e+03
5.033503765838527784e+02 1.011940734153209632e+03
5.052534317839961204e+02 1.011940734153209632e+03
5.028957583734193690e+02 1.011940734153209632e+03
4.980457790510461109e+02 1.011940734153209632e+03
4.905156230681865850e+02 1.011940734153209632e+03
4.807479203743056360e+02 1.011940734153209632e+03
4.687391646621242671e+02 1.011940734153209632e+03
4.545637580408414351e+02 1.011940734153209632e+03
4.389896512453124728e+02 1.011940734153209632e+03
4.224931235570685431e+02 1.011940734153209632e+03
4.052924459062778624e+02 1.011940734153209632e+03
3.877775923911817699e+02 1.011940734153209632e+03
3.530808949483342190e+02 1.011940734153209632e+03
3.373821770850674966e+02 1.011940734153209632e+03
3.218210538193155230e+02 1.011940734153209632e+03
3.081162257255955979e+02 1.011940734153209632e+03
2.959290219839574547e+02 1.011940734153209632e+03
2.858332683635870239e+02 1.011940734153209632e+03
2.772881710951120908e+02 1.011940734153209632e+03
2.706712688162024278e+02 1.011940734153209632e+03
2.664838163058421969e+02 1.011940734153209632e+03
2.646314954546171521e+02 1.011940734153209632e+03
2.638403608427275344e+02 1.011940734153209632e+03
2.659894520258331454e+02 1.011940734153209632e+03
2.699570882378815782e+02 1.011940734153209632e+03
2.762930173012535420e+02 1.011940734153209632e+03
2.839984193761520146e+02 1.011940734153209632e+03
2.941191111936292941e+02 1.011940734153209632e+03
3.049102997529615209e+02 1.011940734153209632e+03
3.175325829090873526e+02 1.011940734153209632e+03
3.312016846933625516e+02 1.011940734153209632e+03
3.453901330378689067e+02 1.011940734153209632e+03
3.607685259157190671e+02 1.011940734153209632e+03
3.756312340328098003e+02 1.011940734153209632e+03
3.910092184297323570e+02 1.011940734153209632e+03
4.061469542923312588e+02 1.011940734153209632e+03
4.206547796457252844e+02 1.011940734153209632e+03
4.350173997300312294e+02 1.011940734153209632e+03
4.483775113244681165e+02 1.011940734153209632e+03
4.604750005020360959e+02 1.011940734153209632e+03
4.724639552237340467e+02 1.011940734153209632e+03
4.821723731592651347e+02 1.011940734153209632e+03
4.900156140863621204e+02 1.011940734153209632e+03
4.967359544030102825e+02 1.011940734153209632e+03
5.014037003765526492e+02 1.011940734153209632e+03
5.042036354860784400e+02 1.011940734153209632e+03
5.047369588946152135e+02 1.011940734153209632e+03
5.009102366728902780e+02 1.011940734153209632e+03
4.917601862248125144e+02 1.011940734153209632e+03
